1410357318, 227086
1410371154, 161483
1410383158, 187556
1410400930, 29637
1410438376, 71480
1410427748, 192991
1410451532, 553459
1410415171, 128268
1410461180, 324723
1410468375, 92842
1410483525, 616130
1410496925, 309497
1410509265, 248623
1410520830, 227323
1410538023, 439596
1410548889, 279713
1410562250, 373292
1410574530, 343349
1410587126, 85682
1410596910, 105307
1410619201, 20803
1410607429, 336435
1410632362, 401359
1410641882, 158145
1410654070, 205684
1410666197, 348364
1410682679, 241457
1410694398, 271188
1410717771, 13340
1410708385, 349182
1410733963, 172918
1410748547, 181118
1410766522, 309716
1410776932, 97301
1410789764, 309800
1410800066, 496326
1410811632, 634294
1410826313, 546932
1410839358, 749159
1410852167, 229242
1410865317, 203380
1410877975, 499067
1410890836, 74472
1410899809, 91350
1410910167, 86094
1410924438, 94411
1410933738, 218129
1410943931, 348949
1410953800, 361331
1410965444, 65567
1410976037, 237960
1410986892, 410921
1411000422, 176788
1411010926, 348987
1411026385, 426643
1411037167, 56189
1411045055, 349230
1411054158, 42018
1411068627, 394052
1411081448, 748887
1411094083, 339008
1411105520, 58746
1411118255, 97470
1411128437, 453395
1411140785, 46447
1411155939, 59219
1411164834, 87947
1411178920, 187327
1411192064, 159842
1411205677, 13254
1411216903, 66561
1411227050, 207834
1411239844, 25356
1411250566, 298461
1411261859, 19983
1411272503, 206248
1411285300, 572181
1411300105, 749081
1411312811, 207693
1411323251, 116783
1411337783, 12631
1411352307, 134471
1411363944, 61205
1411381011, 349161
1411390852, 192328
1411400229, 150677
1411426328, 204
1411413895, 143894
1411452053, 116389
1411466082, 244824
1411482535, 747323
1411507896, 571890
1411517679, 169008
1411533910, 749004
1411548842, 240267
1411497099, 932810
1411558637, 71527
1411437921, 549122
1411569439, 556592
1411587774, 933485
1411609040, 488414
1411600637, 78425
1411621682, 748811
1411633956, 185965
1411646550, 240137
1411674161, 96020
1411660329, 933559
1411683224, 37722
1411696388, 167971
1411726279, 240524
1411742250, 276822
1411716066, 457385
1411758042, 115646
1411773742, 243905
1411792069, 305843
1411807107, 46245
1411840647, 22166
1411826643, 912987
1411863482, 117990
1411879267, 328434
1411852917, 85275
1411893550, 268782
1411932337, 749040
1411914183, 510165
1411947003, 431933
1411958392, 45143
1411972442, 383108
1412023380, 695315
1411986704, 403115
1412003735, 441996
1412038196, 350548
1412054554, 205797
1412088500, 308422
1412078772, 90047
1412067346, 200277
1412894452, 57500
1412883732, 834608
1412908969, 498705
1412858900, 297900
1412849085, 334061
1412795199, 190994
1412778135, 601954
1412759993, 347920
1412745967, 160516
1412737745, 54620
1412720352, 749142
1412699382, 635770
1421281465, 749180
1421250720, 251034
1421117034, 749045
1421238927, 999904
1421209503, 524146
1421090545, 111715
1421066448, 310193
1421025294, 217177
1420847230, 999892
1421223659, 882649
1420787877, 418693
1420571389, 20666
1420828831, 999897
1420706742, 100414
1420558767, 315825
1420441438, 99903
1420366822, 107526
1420301153, 274681
1420289239, 615907
1420162323, 22753
1420051765, 343640
1420004134, 361898
1419981840, 180751
1419991733, 68278
1420719681, 744047
1419786610, 659399
1419851327, 679189
1419834913, 198600
1419751871, 143010
1419741870, 364707
1419822964, 126109
1419727011, 84836
1419698758, 182628
1419968109, 43513
1419621304, 475952
1419610587, 662615
1419713739, 621314
1419480680, 287747
1419469177, 196892
1433214825, 121009
1433116725, 464994
1419686088, 149047
1433102948, 631185
1442976584, 72801
1419873435, 156440
1419861446, 99978
1415866693, 642812
1419902165, 289790
1419888262, 99964
1419943447, 376304
1419956460, 999770
1420018694, 185187
1420037661, 77051
1420066632, 639615
1419935363, 207068
1420073611, 41529
1420114816, 42808
1420100382, 330383
1420086006, 142709
1419918596, 521056
1420126549, 34659
1420137311, 46853
1420188632, 36354
1420176127, 162436
1420154405, 49341
1420215234, 80524
1420201648, 999718
1420241392, 230751
1420254331, 179481
1420265930, 20720
1420275701, 148039
1420229507, 216893
1420328517, 761948
1420341944, 161997
1420352472, 113500
1420318935, 84671
1420392396, 192735
1420405532, 422425
1420413391, 512590
1420427871, 373865
1417522502, 544000
1417552214, 44743
1417539437, 749040
1417573275, 900138
1417589230, 893496
1417628884, 469654
1417640057, 999975
1417655171, 392390
1417611818, 749016
1426066746, 181712
1431807279, 589587
1431818763, 84947
1414149729, 113129
1414134930, 142834
1414112286, 643812
1414060270, 251633
1414098747, 112440
1414074649, 136190
1414122891, 382895
1414088122, 749178
1414045394, 348336
1414000960, 57893
1414016184, 348517
1414031187, 113333
1413959502, 22210
1413989279, 556125
1413948857, 347046
1413979130, 209864
1413917078, 717012
1413927860, 95258
1413901646, 303822
1413857771, 226354
1413938176, 267936
1413876598, 321961
1413891250, 408992
1413842964, 749178
1413779062, 38890
1413827740, 510954
1413765555, 328683
1413755389, 335363
1413737364, 448971
1413793098, 23367
1413812657, 445463
1416704856, 37689
1416692497, 26918
1416679295, 349198
1416666544, 344357
1416652292, 77181
1416622549, 7113
1416569094, 99951
1416637737, 999908
1416364188, 560097
1416334937, 315143
1416612663, 165218
1416325379, 620592
1416270245, 191667
1416282900, 64034
1416252627, 541481
1416212371, 124934
1416199530, 310781
1416227657, 630745
1416100805, 27818
1416172703, 552759
1416183939, 186194
1416084710, 418402
1416115568, 40825
1416042476, 87267
1416030731, 261684
1416073046, 749188
1416013871, 498200
1415987575, 99939
1415961432, 167877
1415975158, 986330
1416057559, 98541
1415947066, 320561
1415919538, 57823
1415932536, 249314
1419812738, 35249
1419798756, 437557
1419761890, 325683
1428688751, 108562
1428677335, 612232
1426054307, 343499
1431772821, 243196
1431789514, 434857
1419668613, 469091
1442932480, 199524
1419774627, 510727
1412929154, 292162
1412941456, 144227
1412949996, 185376
1412960524, 117333
1412986387, 86896
1412971082, 135899
1413622442, 254242
1413608005, 70694
1413635891, 182707
1412997889, 249830
1412102474, 748783
1412186896, 349175
1415138233, 349008
1415148182, 29211
1415159551, 246304
1415183746, 259
1415169144, 290283
1415201727, 348853
1415241930, 99818
1415221302, 69708
1415251678, 133115
1415261640, 71777
1415275141, 153800
1415290646, 206502
1415999753, 188955
1415877108, 56053
1415892451, 80138
1416128953, 92702
1421294131, 276284
1421313118, 398347
1421327754, 176398
1421342061, 749211
1421354480, 749068
1413597860, 144634
1413586065, 121133
1413573704, 302986
1413558610, 450700
1413543263, 32467
1413511860, 42438
1413527943, 458730
1412682743, 158741
1412672749, 212527
1412659701, 159891
1412647083, 216950
1412808119, 283136
1412825621, 30858
1412870601, 749001
1435884646, 383148
1435906026, 410206
1435951158, 434229
1432845895, 749119
1435975462, 138808
1436021157, 610210
1435990477, 749153
1441867073, 98627
1441842033, 863595
1442019140, 933886
1415830365, 209221
1416836262, 131485
1416848183, 367464
1416859803, 141659
1416881687, 693791
1417670437, 622847
1417682991, 288438
1417697554, 733990
1417728011, 61033
1417711626, 198729
1417767945, 500737
1417756534, 99969
1417783630, 191132
1417807492, 258868
1417794317, 23304
1417819838, 294222
1417834102, 338561
1417879664, 55133
1417890405, 161244
1417912662, 79214
1417862851, 106711
1417847777, 219716
1417925600, 575322
1417741663, 225983
1417942715, 153518
1417979324, 479079
1417992700, 25630
1417961080, 348633
1418008244, 416645
1418019295, 99979
1418034937, 30077
1418046239, 998806
1418106433, 131532
1418070371, 92735
1418083365, 113430
1418122514, 141292
1418061750, 349139
1418133950, 99802
1418149933, 499212
1418158988, 212683
1418172585, 111257
1418183697, 223790
1418208244, 63545
1433457547, 143955
1433441259, 462713
1433409977, 183
1433421833, 496714
1433394927, 320529
1433385177, 849099
1433368033, 749103
1433332581, 21801
1433351045, 749103
1433320772, 100253
1433308150, 118528
1433293371, 749131
1433279682, 749192
1433064865, 108703
1430478767, 112487
1435964324, 238184
1436143753, 249812
1436129174, 249823
1436115024, 999986
1439007868, 63498
1438996642, 425
1436099244, 934241
1438963805, 425067
1438950540, 749178
1438979354, 137220
1438930845, 55878
1438916977, 391388
1437892889, 152851
1443327148, 67041
1443318238, 78682
1443300448, 301612
1443287335, 903496
1418238855, 342751
1413014050, 250
1418221701, 827836
1413030938, 582269
1413044772, 371146
1413061485, 552437
1413073714, 87384
1413105445, 19305
1413091056, 238066
1413116010, 153075
1412140811, 130219
1412131429, 210290
1412118806, 222811
1412155280, 304772
1412228353, 339104
1412417325, 246284
1412171022, 445193
1433049444, 687327
1419597852, 220064
1433007820, 749113
1433021090, 68956
1432895757, 999826
1432816712, 410982
1432859530, 99893
1432799577, 431330
1432767667, 221476
1432724894, 749075
1430395230, 749148
1433033117, 188899
1438792803, 933278
1438676416, 850872
1415319228, 73314
1415330105, 214961
1416158214, 27350
1415304454, 265732
1416143592, 348973
1416240351, 333356
1416298802, 578183
1416305999, 182226
1421364751, 38575
1421376556, 140314
1421394394, 999815
1421408154, 434702
1440658407, 743139
1440774967, 505729
1436005656, 859761
1436031872, 311497
1436072014, 117644
1436057273, 303915
1442080369, 509067
1441878138, 997984
1442244730, 314458
1441987292, 934510
1442006908, 749040
1442227736, 932932
1442215188, 933015
1442190891, 933195
1442388276, 998188
1442624495, 146579
1442299495, 360372
1442402122, 749188
1425323416, 749181
1413498991, 100817
1413482219, 169759
1413469245, 83107
1412616982, 311757
1412631269, 348955
1412592571, 210533
1412579991, 747389
1415816209, 749100
1415804499, 71034
1415790067, 583057
1415772873, 386919
1415760235, 230111
1415744919, 749161
1415725472, 300652
1415682766, 92639
1415668354, 749159
1415712423, 675401
1415696092, 108095
1415650221, 99924
1415637714, 622253
1416813133, 749229
1443269693, 551575
1443256473, 90393
1443230298, 150473
1443216652, 365595
1413457406, 629501
1443241910, 113537
1413438126, 533352
1413426474, 9234
1413385448, 417648
1413398953, 475794
1413414459, 250
1413371526, 315594
1412605012, 225666
1438880314, 963019
1438505220, 142764
1438495631, 186286
1438368008, 749192
1438350842, 949185
1438891988, 949187
1438238713, 934564
1438263884, 386612
1438204800, 932880
1415623373, 112589
1415609777, 140226
1415593850, 252050
1416795767, 151884
1416825946, 83428
1414576870, 248664
1442883392, 552861
1440152411, 313348
1441942710, 998163
1431829527, 153768
1431841928, 11344
1440537957, 221875
1425238178, 749022
1425222729, 748017
1426080606, 654003
1417219868, 130496
1418456998, 42521
1418485412, 240186
1418358665, 417478
1418469962, 362411
1418314152, 233162
1418446410, 348351
1418430874, 366421
1419658503, 90605
1419645360, 63620
1417511101, 728830
1428639661, 434039
1428653803, 204
1428662975, 303447
1428620057, 749146
1418194646, 242956
1418277437, 999800
1418287484, 260676
1418303593, 348589
1418342752, 735426
1418325635, 749204
1418261086, 114658
1418369418, 21574
1418386210, 372718
1418396489, 245012
1418414145, 999984
1428588498, 60787
1428599564, 76557
1433252926, 371897
1433236811, 124084
1433226389, 749157
1433195458, 981903
1433179700, 749093
1433161185, 131922
1433149605, 449212
1433264818, 528929
1441473341, 380228
1433129108, 749122
1428703150, 344076
1442918780, 468232
1440523947, 930667
1440500663, 138951
1413128385, 349075
1440487951, 220057
1413144708, 502304
1413158214, 411277
1413173380, 157906
1413185722, 16660
1413199887, 22538
1413211393, 58223
1413225713, 158324
1413238834, 315232
1413258392, 999903
1413270779, 545724
1413288587, 373711
1413301094, 88874
1413332175, 749159
1412199271, 169818
1413317488, 686413
1412213096, 90829
1412241259, 5305
1412258117, 56954
1412270903, 128638
1412351089, 749086
1415342667, 257693
1415355233, 235519
1415372896, 778265
1415391174, 181913
1415404106, 403784
1415415331, 253151
1415430573, 217264
1415442942, 118170
1416400194, 749230
1416349903, 431918
1416380342, 348938
1416413965, 680127
1443042566, 249902
1443055779, 22211
1443069195, 286458
1443083641, 156308
1443103292, 749049
1424404643, 237380
1437848077, 302313
1437834566, 488083
1445494081, 349720
1442608992, 312070
1442507226, 749159
1442437336, 84970
1442419146, 931895
1442525728, 998118
1442539577, 934538
1437924755, 765831
1442791201, 998136
1442745139, 949226
1442756598, 296256
1442775612, 614879
1442960040, 44322
1442802158, 493945
1442853375, 862224
1442870428, 934197
1442944997, 999847
1442986459, 150099
1443002257, 989169
1422302735, 749053
1422318396, 149667
1422287820, 999866
1422348449, 349161
1422332993, 349107
1422360997, 134914
1422375776, 236618
1422389634, 97369
1422403340, 141056
1422441975, 163493
1422419402, 305411
1422431793, 263163
1422453129, 667410
1422467893, 57310
1422477866, 76746
1436154296, 236
1436161765, 429
1436083545, 749199
1443343389, 266128
1416894904, 439333
1416906796, 487659
1416922973, 749192
1416942428, 160327
1416957442, 480090
1416971458, 83312
1416985883, 742723
1416998791, 171121
1417014622, 749165
1417034065, 749063
1417048657, 389978
1415849432, 243182
1440617322, 330218
1413718304, 663527
1413703001, 504753
1415902906, 527827
1413690199, 279711
1413659638, 69723
1413674298, 10660
1413649480, 999974
1440568513, 442035
1415127684, 996360
1415100799, 20555
1415110491, 454683
1415086453, 64240
1415071807, 187961
1415060722, 172693
1415049921, 749160
1415038667, 498878
1415028484, 471361
1415018096, 142122
1414982652, 23893
1414998244, 749088
1414974517, 161871
1414960343, 161048
1414942659, 749166
1421170089, 749140
1421263798, 142755
1421194947, 95462
1417061963, 287041
1417076828, 261610
1417094611, 295728
1417107617, 68577
1420479604, 23670
1420492628, 645506
1420455692, 207231
1424391112, 51694
1424377084, 91824
1424350175, 434717
1424328002, 46289
1424340200, 353490
1424363581, 531263
1424314182, 189828
1424304565, 70661
1424291146, 155223
1424278978, 378937
1413356033, 386228
1413343778, 549480
1412555333, 372452
1412566373, 252
1412540126, 50359
1412512193, 54574
1412524378, 137807
1412504894, 55587
1412493285, 249936
1412481116, 50552
1412469977, 465610
1412458416, 79099
1412445954, 62551
1412432700, 728025
1412408361, 349047
1412390942, 211432
1412374652, 492572
1412334885, 226700
1412316226, 119646
1412304309, 430033
1412359623, 128830
1412287299, 381888
1415569551, 320674
1415558075, 43098
1415582531, 353483
1415547087, 822573
1415531528, 479760
1415519593, 166636
1415501776, 699728
1415485773, 749047
1415469363, 132351
1415456129, 86646
1423133904, 329278
1423119776, 668359
1423145562, 325372
1423170520, 59857
1423158021, 749173
1423181295, 139525
1423204419, 748996
1425425579, 514014
1423191621, 368177
1425529517, 109167
1419633167, 278290
1419581002, 207368
1419560990, 165652
1419549685, 611394
1419534723, 232799
1419510014, 363659
1428573553, 429383
1428544755, 70059
1428529305, 164419
1428513926, 788616
1428503511, 749168
1428478840, 749181
1428464267, 729084
1428555140, 194608
1428446468, 185396
1419521078, 174099
1426039755, 70183
1428428445, 207191
1433093880, 515567
1433079120, 287623
1432978023, 257991
1432938874, 395587
1432963378, 528582
1435846299, 47334
1442906005, 7334
1441460496, 208
1440474442, 76860
1440459785, 132882
1440448333, 694902
1432992394, 749215
1440422493, 358806
1440410682, 387338
1440434692, 391963
1440394491, 234341
1440378561, 526388
1414920692, 15106
1414930971, 699422
1414894077, 63891
1414908998, 834512
1414880472, 99962
1414868387, 78462
1414847281, 515276
1414856769, 259387
1414832679, 136916
1414819439, 283018
1414804668, 176767
1414791193, 154490
1414778294, 19115
1414771239, 593790
1414757851, 681000
1414744934, 265104
1414737715, 69538
1414728212, 551875
1414715390, 445039
1414704698, 155298
1414691256, 530656
1414657174, 278560
1414675789, 11454
1414668072, 229748
1414641019, 248981
1414629616, 334898
1414618531, 600458
1414606953, 500398
1414592178, 235768
1417205009, 363611
1417161005, 399019
1417186275, 289416
1417172346, 745743
1417123863, 430970
1417146603, 264775
1417137804, 123048
1423231896, 122685
1423242828, 199
1423252718, 412256
1423218556, 349002
1423266223, 163776
1423291198, 195917
1423279708, 247248
1423327375, 154492
1423317651, 279281
1423369883, 407879
1423341606, 999915
1423354230, 153494
1423302399, 46127
1423433708, 99984
1423421788, 999929
1423448471, 714497
1423406387, 561481
1423471763, 177637
1423486390, 698002
1423387887, 348968
1423500116, 138083
1423538724, 41590
1423523294, 263308
1423515091, 162799
1423458276, 161104
1423567700, 248514
1423596177, 208
1423554322, 424625
1423610330, 171789
1416424214, 18665
1424242545, 749157
1443115441, 998189
1443155336, 236
1443143724, 64852
1443129412, 749205
1443164598, 222
1443180149, 200165
1443012896, 14278
1438189498, 922820
1437937269, 236
1443028558, 284222
1438070898, 640567
1437990521, 423090
1438088541, 536325
1438216795, 749140
1438569547, 949114
1423639101, 842672
1436185530, 130975
1423651997, 81921
1436175291, 507674
1436200747, 749062
1436215921, 749120
1436225692, 949153
1436243681, 749159
1436257729, 749078
1436317223, 931443
1436326964, 934243
1436342972, 949064
1436284696, 749221
1436302970, 749144
1436357480, 471073
1436277769, 934043
1436370720, 749226
1436407096, 949129
1436422223, 138140
1436394008, 934549
1436438686, 74341
1436381512, 749162
1436470213, 998188
1436455971, 999964
1422253709, 90716
1422276142, 556653
1422238478, 533322
1422220658, 519992
1422201830, 239730
1422188986, 749080
1422153064, 53974
1422174343, 364101
1422123396, 170608
1422085942, 207
1422137745, 454624
1422110753, 393248
1422036987, 68917
1422057323, 999865
1422074734, 135587
1422024751, 148283
1421973311, 831514
1421956223, 749029
1422006453, 661501
1421939821, 195899
1421928571, 387358
1421986133, 143108
1421908594, 325252
1421868116, 99833
1421859396, 697697
1421847238, 731814
1421882495, 737003
1421832369, 513418
1421816577, 771274
1421893395, 749138
1421797833, 749194
1421761602, 749204
1421782968, 749200
1421747388, 158934
1421731164, 207954
1421709544, 99872
1421677428, 749036
1421651581, 101280
1421637731, 253405
1421663247, 601836
1421693204, 539264
1421610659, 75231
1421600695, 561043
1421585557, 239137
1425209254, 574532
1421622647, 540457
1425192689, 122149
1414564379, 349059
1414551867, 474032
1414520172, 35956
1414533002, 66462
1414508502, 498686
1414473616, 317901
1414493648, 245132
1414460385, 594984
1414419569, 79755
1414408009, 547842
1414436665, 506811
1414445531, 169629
1414381215, 120561
1414355013, 623153
1414283226, 24069
1414337783, 999889
1414299789, 764088
1414367046, 219608
1414271481, 248280
1414397974, 121586
1414314238, 228064
1414259552, 27687
1414233955, 91535
1414223445, 120400
1414190402, 377405
1414208741, 54478
1414162944, 242166
1414246609, 318671
1414179552, 489014
1416779905, 625132
1416767022, 482172
1416752690, 118779
1416737088, 987235
1416720329, 366791
1416584011, 710755
1416546521, 396674
1416530055, 442688
1416515508, 99201
1416599517, 201110
1416503300, 414244
1416471920, 208102
1416457585, 254
1416484450, 246315
1443203994, 236
1416439091, 749230
1443192911, 204908
1423689821, 749156
1423861626, 519504
1423771716, 493053
1423844333, 999931
1423831710, 722817
1424162201, 610921
1424228046, 229198
1424174999, 630826
1423620045, 299858
1423666050, 992344
1423578786, 487681
1423724573, 40775
1423679450, 749206
1423740075, 68483
1423752213, 527476
1423804675, 182071
1423791959, 999934
1423820267, 999988
1423874611, 749121
1423887498, 243378
1423705323, 562923
1423897288, 536867
1423923932, 878813
1423936539, 999983
1423970550, 749192
1423986159, 351191
1423914098, 997125
1424215668, 749123
1423952387, 749117
1424199696, 749104
1424189443, 749159
1443357796, 94351
1443369999, 999936
1443384966, 631190
1443400955, 98477
1443415502, 19851
1443436818, 622966
1443475730, 688751
1443486001, 108700
1443498168, 258052
1443461345, 452508
1443535795, 317289
1443546259, 420100
1443511204, 903646
1443521290, 934318
1443570646, 771193
1443582373, 329624
1443595117, 242383
1443613414, 749146
1443626003, 423480
1443559341, 999842
1443672829, 484475
1443449199, 650256
1443655146, 647776
1443639155, 513488
1443702822, 29442
1443735782, 106974
1443693204, 32830
1443683242, 220612
1443716737, 254505
1443756567, 162145
1443774741, 817930
1443790712, 108711
1443802704, 309231
1443815679, 811340
1443827333, 216531
1443858720, 810951
1443982253, 934494
1443967578, 492154
1443939446, 34101
1443955454, 648130
1443846606, 949119
1443924577, 260220
1443888573, 239621
1443900293, 696614
1443993428, 459408
1444006707, 151383
1444124302, 749096
1443873552, 116752
1444021051, 27833
1425180007, 287880
1425167032, 286408
1425140433, 132702
1425120150, 840998
1425155598, 749164
1425105999, 146550
1425078207, 414986
1425063126, 100797
1425050925, 450747
1425042744, 683181
1425029623, 273774
1425011475, 518419
1424997862, 113021
1424986161, 749189
1425094916, 168989
1424453698, 93593
1424415467, 301494
1424426007, 245262
1424436896, 422869
1424467889, 736502
1424485004, 316203
1424531288, 101032
1424543810, 749035
1424559375, 118975
1424574224, 110002
1424584832, 54721
1424602258, 393236
1424613300, 99845
1424626379, 749160
1424500117, 749191
1424639677, 228695
1424654591, 180679
1424514996, 62375
1424667774, 731946
1424716159, 210044
1424729307, 154247
1424698041, 199639
1424682584, 99810
1424746611, 749126
1424761248, 426838
1424807915, 749038
1424822654, 717650
1424790454, 376868
1424839188, 75378
1424778535, 73958
1424863520, 249085
1424886847, 99920
1424900960, 575192
1424852046, 258288
1424915361, 749175
1424928483, 185040
1424958397, 749200
1424946016, 348431
1424973185, 999930
1424876059, 335750
1424145661, 422914
1424132606, 62021
1424117323, 16310
1424106300, 275525
1424091938, 311071
1424038640, 206931
1424026499, 226473
1424078601, 99943
1424069100, 408995
1424054641, 332330
1424003574, 116682
1424018192, 749103
1444103476, 543340
1444090057, 611588
1444077100, 713400
1444066276, 934436
1444051114, 671848
1443915300, 649280
1444034528, 117363
1420744947, 325996
1420770701, 75363
1420802351, 14459
1425872739, 237696
1420759959, 749110
1425646691, 159585
1425767325, 67812
1426248088, 156003
1426369774, 159477
1426482533, 757465
1426139712, 375034
1426590223, 314719
1426810154, 61038
1426694538, 749096
1426917409, 260087
1427048553, 279168
1427156982, 77427
1427331882, 303773
1427435285, 9348
1427242433, 509660
1427542367, 193214
1427651827, 749124
1427753834, 996199
1426018789, 223200
1427885800, 380106
1427997156, 470336
1428102688, 706944
1428215101, 262398
1428312191, 51476
1444136093, 209
1444150425, 998168
1444162673, 872241
1444178031, 669795
1444196573, 569323
1444228532, 999813
1444211143, 934539
1444241057, 998193
1444292015, 949065
1444301856, 189264
1444269847, 451985
1444317229, 999916
1444254683, 949157
1444330760, 999879
1444360241, 236
1444344974, 749156
1444373126, 211992
1444387154, 236
1444425127, 933960
1444408468, 949132
1444470756, 209747
1444442295, 538222
1444459540, 246050
1444507343, 974167
1444517999, 244262
1444535078, 105920
1444496701, 189696
1444548951, 114799
1444482031, 533202
1444561224, 974022
1444573980, 111447
1444600734, 974028
1444619188, 747929
1444649152, 998063
1444665216, 749152
1444679021, 586415
1444589887, 310699
1444693290, 196127
1444704583, 141780
1444722405, 994061
1444631519, 86203
1444743328, 749240
1444758859, 749219
1444792499, 838422
1444782621, 286908
1444821997, 255868
1444770084, 316449
1444849956, 249916
1444863549, 250265
1444875879, 995070
1444806893, 422743
1444902121, 555598
1444887671, 749063
1444839605, 949121
1444912842, 565267
1444930647, 999997
1444964803, 587096
1444981101, 550343
1444952012, 749192
1444940391, 249909
1444992865, 560125
1445038167, 123793
1445051746, 501711
1445006702, 180776
1445066973, 792678
1445101680, 426
1445087324, 999875
1445117067, 882291
1445156245, 892521
1445144855, 643914
1445134062, 815886
1445024304, 998199
1445176494, 126421
1445230174, 623690
1445201955, 998111
1445214961, 998051
1445239341, 910422
1445187494, 406946
1445249422, 251044
1445264331, 949079
1445320207, 210
1445303760, 995865
1445287465, 186162
1445276733, 190518
1445337401, 461313
1445357256, 994179
1445372449, 999903
1445402617, 261336
1445429757, 610478
1445384445, 236474
1445481399, 57393
1445415975, 914997
1424256607, 446476
1445443329, 658105
1424268923, 525371
1445470873, 155302
1445460189, 272256
1432913472, 639399
1432883081, 259
1432923484, 348408
1432870630, 358204
1432830506, 248303
1432751428, 749203
1432708929, 600903
1432739687, 638325
1432783671, 439459
1432693652, 95252
1432631585, 321078
1432620548, 241349
1432649343, 183
1432665841, 749159
1432680380, 78365
1432591143, 784780
1432573065, 451450
1432607780, 185150
1432560339, 749146
1432543126, 529354
1432501633, 477624
1432515765, 451862
1432488373, 541136
1432476866, 99863
1432445480, 455732
1432462927, 749225
1432417577, 749023
1432396017, 350305
1432526785, 186406
1432364021, 208
1432354566, 96133
1432434120, 253560
1432323904, 116501
1432341776, 107771
1432287055, 824141
1432266361, 331687
1432316063, 999895
1432250543, 168253
1432239426, 555717
1432223514, 109108
1432303195, 342906
1432194821, 107351
1432209373, 749096
1432186141, 185224
1432156546, 176083
1432169733, 431
1432101608, 112785
1432120455, 749204
1432134549, 266092
1432143793, 68999
1442835908, 487046
1442819446, 327837
1442724538, 198123
1440366370, 595942
1440355263, 298195
1440340165, 269015
1442893439, 257007
1440327985, 588001
1440287706, 374766
1440275750, 84440
1440307592, 999994
1440236708, 351937
1440227217, 93291
1440264879, 87032
1440210794, 226882
1440196293, 163068
1440253993, 358461
1440185308, 259425
1440164675, 249150
1440138448, 320308
1440171357, 853989
1440080086, 99890
1440107925, 96493
1440091739, 35676
1440048393, 75495
1440034213, 332453
1440058767, 80264
1440021396, 340016
1439984070, 222511
1439995413, 467141
1440123896, 263238
1439959210, 603433
1439975823, 62328
1440011075, 883437
1439946829, 190563
1439914493, 283682
1439930648, 739816
1439901946, 368934
1439858806, 949147
1439845738, 466795
1439876557, 880869
1439830311, 494026
1439818850, 228648
1439806507, 431861
1439789772, 544089
1439891178, 999937
1439772595, 663760
1439741942, 758671
1439726931, 141244
1439693315, 270174
1439682384, 131281
1439671742, 584844
1439709348, 475484
1439655015, 654628
1439755827, 425
1439640837, 371257
1439618392, 626938
