1410357318, 636.0952380952381
1410357431, 847.1867469879518
1410357318, 636.0952380952381
1410357431, 847.1867469879518
1410357655, 488.89912280701753
1410357271, 1121.6142857142856
1410358152, 796.3487858719647
1410360209, 392.99055613851
1410361145, 694.8838028169014
1410361532, 474.79567779960706
1410363451, 254
1410361738, 657.0794223826715
1410364048, 671.4426229508197
1410366746, 361.0742168674699
1410367729, 764.7345890410959
1410367983, 488.08474576271186
1410368652, 455.59375
1410369029, 674.0079365079365
1410371091, 505.19653492149433
1410371859, 555.9441416893733
1410373407, 501.99419729206966
1410374088, 468.838134430727
1410374936, 523.1468860164513
1410375825, 496.2153846153846
1410377404, 484.1894502228826
1410378025, 549.4194053208138
1410377786, 615.3333333333334
1410378364, 502.3262599469496
1410378851, 622.4296160877514
1410381092, 395.67164179104475
1410379878, 472.24975891996144
1410381828, 494.1177802944507
1410382218, 660.5753424657535
1410382597, 669.9695817490494
1410383158, 575.3251533742331
1410383332, 490.1717791411043
1410384394, 456.5715767634855
1410385311, 750.5907473309609
1410387920, 477.62846715328465
1410388472, 495.0886075949367
1410389306, 514.322206095791
1410389613, 471.8989361702128
1410390323, 560.6505190311418
1410390603, 481.30555555555554
1410390762, 493.67175572519085
1410391421, 649.4154175588865
1410393412, 597.1399371069182
1410397014, 666.6127717391304
1410399939, 503.1372867587327
1410401786, 380.96875
1410401089, 567.5985037406484
1410401903, 661.2904884318766
1410402058, 449.55555555555554
1410402639, 505.3760445682451
1410387961, 540.15
1410388505, 464.5
1410375933, 427.49645390070924
1410398208, 484.63717805151174
1410382944, 589.8177339901478
1410385908, 476.3483870967742
1410364278, 836.5677966101695
1410392528, 457.6472148541114
1410385007, 718.8121827411168
1410381195, 473.02941176470586
1410389364, 971.6333333333333
1410371154, 1129.2517482517483
1410372903, 502.3128119800333
1410401481, 526.9182561307902
1410380898, 558.3550884955753
1410400930, 463.078125
1410361116, 255
1410368900, 608.8429680759275
1410375747, 477.27305389221556
1410399899, 600.0648148148148
1410396085, 442.7854609929078
1410363997, 298.8671875
1410382046, 557.4285714285714
1410401794, 626.7142857142857
1410363968, 678.9423255813954
1410382304, 590.709090909091
1410361547, 250
1410360876, 764.7754601226994
1410404610, 599.251273344652
1410405231, 537.8307349665924
1410406698, 468.39948453608247
1410407049, 685.7310924369748
1410408090, 602.1550387596899
1410408891, 892.594537815126
1410409567, 580.5362694300518
1410409866, 627.6318407960199
1410411214, 355.33984375
1410410845, 747.5866050808314
1410412058, 443.4815756035578
1410412723, 730.3501199040768
1410413186, 619.7360594795539
1410414459, 495.3708281829419
1410414643, 606.2456140350877
1410415171, 442.3034482758621
1410415392, 584.0939597315436
1410415841, 786.4947368421052
1410416287, 558.2666666666667
1410416855, 557.6300366300367
1410417155, 463.2938144329897
1410417524, 850.8407079646017
1410417574, 1037.9016393442623
1410418006, 533.4494382022472
1410418344, 555.1238938053098
1410420124, 562.7526223776224
1410420619, 590.7585301837271
1410421209, 495.6314606741573
1410421333, 409.9569892473118
1410422512, 332.23046875
1410422073, 753.1824561403508
1410423690, 643.1916747337851
1410423922, 483.82307692307694
1410424503, 571.5571847507331
1410424524, 589.1927083333334
1410425043, 585.9150943396227
1410426722, 1008.796875
1410426593, 504.684703433923
1410427111, 535.1911421911421
1410427748, 590.1865443425077
1410427782, 1052.9433962264152
1410428672, 554.8280922431866
1410429093, 455.6686046511628
1410429381, 598.3275109170306
1410429535, 459.46
1410429622, 553.4411764705883
1410429752, 906.4659090909091
1410430077, 994.8546255506608
1410430796, 470.9058171745152
1410431467, 657.9392156862746
1410432376, 582.5369458128079
1410433482, 408.4901960784314
1410433415, 675.197549770291
1410433516, 364.8333333333333
1410433522, 1908.2857142857142
1410433963, 599.2996845425868
1410434084, 398
1410434549, 543.5625
1410435358, 353.255859375
1410436094, 673.1994572591587
1410436521, 519.8211382113822
1410436746, 716.003717472119
1410438328, 523.5266485998193
1410438376, 470.2631578947368
1410438623, 504.59555555555556
1410440265, 507.8564437194127
1410440414, 562.8837209302326
1410440518, 575.7155963302753
1410441931, 997.59375
1410441548, 490.5462962962963
1410443634, 569.5
1410443516, 429.5743380855397
1410443968, 905.6519823788547
1410444398, 537.3404255319149
1410445208, 525.5032175032175
1410445766, 710.4702702702702
1410447292, 524.8047740835465
1410447822, 549.2358674463937
1410403513, 626.416539050536
1410447931, 596.5454545454545
1410448161, 423.76233183856505
1410448648, 10608
1410449595, 466.6483957219251
1410449245, 1154.12077294686
1410449943, 546.9687987519501
1410450139, 692.275
1410450192, 412.5925925925926
1410450390, 609.4135802469136
1410451979, 706.2369668246446
1410451532, 540.4873046875
1410452894, 519.8921892189219
1410453354, 511.97837837837835
1410453446, 563.0536912751678
1410453963, 536.3188405797101
1410454031, 476.0241935483871
1410454670, 520.0207006369427
1410454881, 669.6124031007752
1410455763, 460.5052770448549
1410456201, 793.7150127226463
1410456649, 564.763557483731
1410456790, 428.993006993007
1410457151, 566.985119047619
1410457229, 467.43243243243245
1410457354, 450.56115107913666
1410457567, 508.05
1410458666, 419.61899038461536
1410458853, 777.3831168831168
1410458919, 610.2888888888889
1410459179, 513.6774193548387
1410459790, 600.1029748283753
1410460538, 598.9492753623189
1410460634, 565.6529801324504
1410461180, 637.9626719056974
1410461229, 587.3050847457627
1410461304, 970.05
1410461633, 593.1974358974359
1410462531, 641.6013513513514
1410462370, 583.1612284069098
1410462397, 614.8591549295775
1410462711, 603.6879194630873
1410464210, 334.07894736842104
1410463996, 492.08105560791705
1410464252, 631.8238636363636
1410464338, 574.3939393939394
1410464711, 253
1410464690, 508.6864864864865
1410464780, 353.241935483871
1410464854, 775.475
1410465459, 662.7410071942446
1410465848, 633.5882352941177
1410465718, 434.78245614035086
1410466098, 471.1904761904762
1410483928, 555.646875
1410483889, 368.1666666666667
1410467514, 448.7578125
1410511044, 1240.0869565217392
1410511819, 871.9166666666666
1410513137, 397.55555555555554
1410513292, 446.32
1410468974, 601.8475247524752
1410513248, 373.30555555555554
1410513109, 508.67715458276336
1410513533, 627.7658227848101
1410511649, 735.0218446601941
1410467891, 356.84375
1410467392, 590.2974910394265
1410510853, 600.9084967320262
1410468193, 471.60165289256196
1410514399, 608.7197346600332
1410469284, 485.35573122529644
1410469468, 1064.4718309859154
1410515703, 756.570351758794
1410470568, 534.731308411215
1410515137, 531.1346153846154
1410515918, 419.49032258064517
1410471075, 560.593896713615
1410472170, 511.74679943100995
1410472241, 472.37113402061857
1410472709, 687.1138613861386
1410518912, 288.36911643270025
1410473557, 599.2
1410473491, 628.8260869565217
1410473735, 476.5740740740741
1410474356, 518.5190839694657
1410475463, 492.745641025641
1410475676, 549.6507936507936
1410475746, 474.22222222222223
1410477784, 442.4397797660014
1410478327, 451.29583333333335
1410478969, 700.0021186440678
1410479030, 805.1379310344828
1410519546, 331.15625
1410479149, 574.0378787878788
1410480267, 586.4785992217899
1410481371, 388.5117004680187
1410481428, 1262.13986013986
1410483525, 506.26951520131473
1410486200, 553.8218085106383
1410485670, 668.1066536203523
1410486276, 553.8901098901099
1410519712, 574.8698630136986
1410520181, 626.3538461538461
1410486347, 437.07142857142856
1410486894, 1066.46875
1417111578, 574.4061990212072
1410487572, 788.1060606060606
1410521375, 580.8618090452261
1410523361, 526.6107431935246
1410490146, 382.92857142857144
1410490112, 483.6813417190776
1410490952, 604.8760162601626
1410524416, 554.4714285714285
1417095184, 600.8777777777777
1417096614, 276.54162042175363
1417097174, 724.882400648824
1416574570, 559.9527896995709
1415529504, 709.0277777777778
1417191609, 757.3933265925177
1417098681, 978.3557312252965
1417098979, 1180.6324237560193
1417099297, 434.15141955835963
1417152203, 663.778014941302
1417100970, 551.0430278884462
1417027509, 644.3218884120172
1417102791, 447.80872683801556
1417102804, 1495.2767295597484
1417102858, 1109.1333333333334
1417103300, 564.987146529563
1417103876, 649.5990338164252
1417103880, 2737.190476190476
1417104686, 277.9609375
1417104268, 719.4406047516198
1418016048, 459.9935483870968
1417105436, 569.4085778781039
1418015945, 487.38766519823787
1418863414, 420.3938618925831
1418862712, 451.3240963855422
1417106153, 486.88005578800556
1417106383, 806.7324840764331
1417107617, 466.51020408163265
1417107869, 565.7612768910478
1416983409, 572.3450980392157
1417110274, 426.74605206999576
1417111131, 684.6371115173674
1417111987, 525.3149350649351
1410678736, 472.4625
1417112660, 479.09263657957246
1417113660, 515.8279158699809
1410493861, 494.4244372990354
1410746272, 788.9870967741936
1410495006, 475.484375
1417114863, 539.1907308377897
1410678931, 732.1147540983607
1417113994, 507.4334677419355
1419588935, 528.1587301587301
1419623845, 769.6608695652174
1419506557, 850.6421052631579
1410487411, 709.45197740113
1419974582, 441.36122569239836
1413401028, 518.0731707317074
1410488691, 499.54792560801144
1416378272, 472.3183750590458
1417115243, 553.0332409972299
1417115459, 862.2952029520295
1416345124, 409.4131147540984
1417116197, 562.3682352941177
1417116428, 561.3465346534654
1417116567, 539.6779026217229
1417118132, 427.35424985738734
1417118853, 610.0798816568048
1419625558, 474.0873417721519
1417118232, 1320.8892307692308
1417121234, 349.71755368814195
1417103763, 573.0682170542635
1417119013, 480.43884892086334
1417099881, 694.0086355785837
1416574097, 599.4516339869281
1417121594, 492.5943396226415
1417122458, 399.0491990846682
1417122933, 743.5248120300752
1417123254, 628.6347150259068
1417123863, 521.7554479418886
1417123878, 492.1917808219178
1417097854, 1002.9892904953145
1417125708, 450.17788461538464
1417125725, 3015.25
1417105229, 527.1000834028357
1417127128, 347.79296875
1417126613, 935.8016085790885
1417126791, 753.7851851851852
1417127071, 751.6982591876209
1417129048, 495.70701660417785
1417129582, 562.0449897750511
1416981689, 487.8203125
1416981997, 411.8711911357341
1416982717, 496.55540897097626
1416983089, 531.5859154929577
1417981464, 784.0656934306569
1416983946, 801.61875
1416984368, 513.2036553524804
1416985883, 634.263877028181
1416986820, 615.8384512683579
1416987111, 631.6261261261261
1417121454, 1219.9820846905538
1416987337, 764.6027397260274
1410508275, 464.6296851574213
1416980901, 390.58181818181816
1416987806, 521.0638888888889
1416988114, 506.22727272727275
1416988687, 537.8537735849056
1416988906, 648.0228571428571
1416989718, 616.4023845007451
1416991215, 558.2299559471365
1416991531, 618.0373443983402
1416991910, 646.3413173652694
1416992386, 577.0147058823529
1416993735, 544.1031031031031
1416995623, 386.6816421378776
1416995703, 1640.9180327868853
1416995756, 899.5945945945946
1416996133, 619.1884816753927
1416996392, 552.7676056338029
1416997193, 581.0289634146342
1416997644, 484.6284403669725
1416997210, 594.9821428571429
1416998256, 612.511811023622
1416998488, 555.8833333333333
1416998791, 564.7557755775578
1416999324, 515.9052823315118
1417021252, 526.6339820359282
1417035159, 608.6880222841226
1416977781, 478.82142857142856
1416978125, 540.8300653594771
1416979306, 638.475
1416980031, 580.1935483870968
1417948759, 980.7980769230769
1417952664, 525.930303030303
1417952849, 464.5592105263158
1417950964, 622.4810606060606
1417955296, 324.2083333333333
1417956164, 572.0972850678733
1417955730, 1228.8720930232557
1417954409, 491.3625110521662
1417957324, 485.34353268428373
1417957401, 577.180790960452
1417955745, 583.3982300884956
1417959898, 504.4776902887139
1417961080, 397.0763097949886
1417961753, 283.6875
1417962279, 292.25
1417961586, 1190.845786963434
1417962490, 560.6084905660377
1417963770, 697.2574047954867
1417964109, 602.264367816092
1417965758, 699.5490981963928
1417966000, 767.9497716894978
1417968309, 1053.6975763962066
1417949637, 366.06934306569343
1417967754, 335.1171950048031
1417964769, 501.4794952681388
1417959489, 433.51909722222223
1417968940, 1106.6233382570163
1417969840, 716.8794258373206
1417970083, 2321.084745762712
1417972124, 546.7348277747403
1417972513, 1457.4163424124513
1417974374, 646.7069857697284
1417974738, 2600.996527777778
1417975808, 836.059364548495
1417978819, 428.967824967825
1417979162, 1213.9902676399026
1417979324, 2029.9957627118645
1417979347, 1028.3402298850574
1417979535, 638.5414201183432
1417981456, 716.0869980879542
1417981346, 705.84
1416984081, 362.7734375
1410714014, 333.90625
1419610587, 547.6157024793389
1410520895, 465.52542372881356
1420476664, 807.237168141593
1410520830, 666.6363636363636
1410520391, 492.10377358490564
1410515720, 742.2727272727273
1410519369, 854.0877993158495
1410468375, 555.9401197604791
1410511017, 763.0526315789474
1410510212, 571.1956124314443
1410509403, 1433
1416342995, 518.5812431842966
1416343330, 572.1886120996442
1416343108, 460.58415841584156
1416342438, 625.1829134720701
1416380909, 653.8053892215569
1410523600, 679.2871794871795
1420477385, 748.3362831858407
1410492654, 392.94140625
1410493567, 545.6909090909091
1416380342, 376.41639697950376
1416378742, 587.078947368421
1410509265, 467.3364661654135
1416378317, 1896.2333333333333
1410507016, 669.3949044585987
1410524741, 481.40384615384613
1410577922, 536.6356435643564
1413373940, 551.2627986348123
1413482219, 443.23498694516974
1415612002, 740.3575418994413
1416493478, 651.4965217391305
1410595467, 781.7355769230769
1418649804, 652.3267973856209
1420531524, 367.5310245310245
1420531646, 1012.2067039106146
1419486005, 452.875
1420108495, 433.8181818181818
1410555812, 450.72222222222223
1410557124, 498.0834057341442
1414798988, 486.9740932642487
1418798720, 684.1309523809524
1416762674, 622.28125
1410934413, 539.41015625
1410679154, 574.4472049689441
1410890774, 560.4273127753304
1410908242, 454.68831168831167
1413372632, 695.0963244613434
1412085416, 604.2863849765258
1413370850, 567.7603878116344
1412616096, 825.9241379310345
1413371526, 578.010989010989
1413599587, 1235.7725
1413598985, 396.5496368038741
1413493547, 1039.9765517241378
1413493082, 423.6075334143378
1413492198, 537.5139797739441
1413490371, 375.6519558676028
1415643756, 601.0519801980198
1413373399, 545.807881773399
1414837864, 484.45454545454544
1413373906, 813.8074324324324
1413300463, 340.18810916179336
1413481861, 616.8621118012422
1417132687, 580.1258134490239
1413482620, 632.2780082987551
1413402949, 487.98243045387994
1414877580, 357.32855093256813
1415611861, 545.9102990033223
1415612375, 583.564
1415612936, 536.8348623853211
1417129787, 534.267955801105
1417131111, 331.78125
1410595554, 492.8
1410595197, 623.0363636363636
1410595023, 413.96691176470586
1410594804, 502.8233995584989
1418649723, 536.7559681697612
1410890333, 479.9958734525447
1410888183, 452.7268170426065
1420108848, 598.4011976047905
1420110654, 612.7503714710252
1420110604, 571.0362694300518
1420111149, 630.6423076923077
1420111922, 662.1638141809291
1419472428, 480.29545454545456
1410555745, 408.5570776255708
1410555518, 472.83652173913043
1410554990, 525.9449685534591
1413699247, 498.68359375
1413636276, 657.0435280641466
1410553323, 557.6319796954315
1410552878, 531.1054421768707
1415306152, 658.8619173262973
1410552340, 601.041769041769
1410552184, 475.38761904761907
1410550863, 532.5354330708661
1410558453, 430.3542319749216
1415305668, 297.18615751789974
1415178957, 476.5646371976647
1410558963, 544.2728813559322
1410958104, 695.0062111801242
1410559072, 342.3550724637681
1410559794, 488.3692307692308
1410560255, 532.3745098039216
1410560495, 634.3791821561339
1410561137, 497.9154411764706
1417391316, 1013.5590361445783
1417284235, 480.8442367601246
1410562250, 445.4558472553699
1410563514, 480.27107061503415
1410563771, 740.2707423580786
1418215434, 519.2489711934156
1418214884, 474.17356392835086
1418637839, 818.7092896174863
1418480434, 552.8891013384322
1410648534, 644.6112440191388
1419018938, 571.56
1410646799, 1129.1707317073171
1410947596, 544.6761565836299
1410924826, 461.7368421052632
1412145254, 479.17747440273035
1412776113, 592.5741496598639
1412615803, 532.5811088295687
1412614950, 1508.6897810218977
1412084744, 604.7341236240475
1417038576, 436.91239048811013
1416575122, 593.3502673796792
1418674441, 388.921875
1418672849, 382.0625
1416576217, 502.2966728280961
1418672641, 496.0274809160305
1418671874, 547.1491628614916
1420565991, 1480.9695945945946
1420566003, 367.0171484566389
1421635007, 511.70726714431936
1421633372, 1077.0110192837465
1421633065, 527.8435517970402
1421631863, 583.718954248366
1421631568, 536.3257839721255
1416744778, 791.7159090909091
1410891640, 668.2765957446809
1421630874, 522.0781990521327
1410891342, 540.7734375
1410891217, 460.09375
1410890805, 507.3712121212121
1410890733, 804.3602150537635
1410890836, 737.3465346534654
1410889814, 468.0731707317073
1410888460, 523.3979591836735
1418213291, 1185.271978021978
1418152765, 308.0204081632653
1418212969, 382.74603985692386
1418564922, 371.7156549520767
1418456747, 629.6835443037975
1419016644, 622.9566929133858
1419015896, 499.5483870967742
1410889216, 457.1761174116077
1410886693, 656.5454545454545
1410886250, 522
1410886645, 551.2993762993763
1410825422, 441.88607594936707
1411218835, 399.83180428134557
1411972836, 253
1411047518, 430.15488215488216
1411972804, 757.5888888888888
1412979614, 650.42578125
1412981086, 498.7917917917918
1413816677, 533.422520661157
1413814248, 456.03305149884704
1415935073, 504.19028340080973
1419018980, 700.9507494646681
1411106005, 636.8480565371025
1410792912, 567.9293286219081
1420351573, 483.81597222222223
1420351256, 508.0681818181818
1421327794, 383.35
1421106269, 365.67543859649123
1412906683, 500.4166666666667
1414630868, 559.4786324786324
1414630984, 531.4255319148937
1415245757, 883.234375
1415104268, 832.1451612903226
1415864033, 572.0188787185355
1420296910, 610.5396341463414
1421327754, 436.6287128712871
1421327690, 500.47190332326284
1415730029, 617.9924698795181
1421326358, 430.81180811808116
1421267852, 492.2139737991266
1421148880, 492.16921269095184
1416745246, 1072.5994475138123
1417316515, 593.1627906976744
1418672240, 448.9201680672269
1418153775, 475.7302192564347
1418022195, 648.5179282868526
1410524825, 910.046511627907
1419471959, 513.0775862068965
1418436978, 1905.1142857142856
1410885961, 1316.3793103448277
1411218285, 652.5964010282777
1420162323, 733.9677419354839
1421268616, 460.3255587949466
1412978621, 590.3786707882534
1413813161, 468.44517184942714
1414630819, 601.5227272727273
1415113901, 248
1415862164, 622.0604229607251
1411218345, 359.8510638297872
1410887839, 517.1128909229595
1413815800, 473.04452926208654
1417260153, 464.8451612903226
1419018322, 1159.0278637770898
1410647251, 617.9423076923077
1419017879, 525.68
1420305606, 520.3642611683849
1413791406, 531.3197278911565
1420351096, 542.8478260869565
1420348766, 587.6041666666666
1420348803, 548.6388888888889
1420348701, 1425.7285714285715
1415717388, 575.468105065666
1416574731, 490.1923076923077
1411175877, 467.75
1419472115, 397.8173076923077
1418968725, 282.768214420536
1419471398, 550.0222804718218
1419470371, 528.1262135922331
1419470253, 472.88775510204084
1410826357, 476.36842105263156
1410793196, 656.0833333333334
1420296977, 437.46629213483146
1420350779, 530.9971448965025
1411217602, 508.6236559139785
1410833578, 1146.955773955774
1410826710, 414.7217194570136
1410827892, 491.8955223880597
1410828943, 689.0735171261487
1420165659, 502.1844827586207
1420163255, 540.9654218533886
1410829438, 940.8076923076923
1410829724, 671.8377581120944
1410829627, 411.89285714285717
1410830987, 682.8307926829268
1420125686, 413.65625
1410836688, 613.5118755118755
1420126491, 497.98015873015873
1420132240, 499.25
1420130504, 755.8940397350993
1420133594, 482.7326869806094
1420134644, 433.7551020408163
1420136049, 547.2032418952618
1420137233, 589.3435114503817
1420138090, 581.4649122807018
1420141221, 572.0195121951219
1420122890, 620.2593250444049
1420112412, 380.2109375
1420108568, 377.75757575757575
1420108461, 408.5562130177515
1420122961, 419.17843866171006
1420121876, 649.9191176470588
1420112707, 525.565445026178
1420113869, 506.4867724867725
1420114721, 515.6321138211382
1420114816, 392.73394495412845
1420117438, 428.02171428571427
1420117485, 825.40625
1420117621, 518.1428571428571
1420117575, 481.86046511627904
1418196800, 513.9043062200957
1420119403, 454.98900293255133
1420120462, 484.9483443708609
1420121345, 423.27906976744185
1420125861, 401.35714285714283
1420121300, 484.26807760141094
1420124561, 543.953125
1420124553, 451.171875
1420124464, 541.5613861386139
1420124587, 453.92727272727274
1420124734, 471.0625
1420125767, 483.78473282442746
1420125871, 524.1987577639752
1420126229, 435.7132530120482
1420126549, 481.375
1420126731, 793.9857142857143
1420128515, 493.32374100719426
1420128867, 515.3952702702703
1420129544, 663.2012288786482
1420130291, 363.1226053639847
1420130762, 431.2090909090909
1420131753, 613.1360544217687
1420131919, 570.3314285714285
1420132261, 513.5945945945946
1420132504, 438.15492957746477
1420133720, 841.6257668711656
1420133778, 438.8051948051948
1420133913, 736.5289256198347
1420134557, 530.1940639269407
1420135210, 451.6268292682927
1420137826, 581.3633879781421
1420136382, 552.2111111111111
1420137102, 669.5407969639468
1420137367, 483.4329896907216
1420137311, 624.7066666666667
1420139306, 390.5516717325228
1419972673, 628.4169463087248
1420140427, 430.91604938271604
1419972956, 969.8728943338438
1420140442, 846.4254385964912
1420141867, 673.6185567010309
1419466938, 600.366255144033
1419468551, 276.75
1419468428, 493.4609250398724
1419467605, 511.19383259911893
1419467790, 319.53846153846155
1419468730, 523.9521531100479
1419470086, 457.1246056782334
1410563888, 555.3913043478261
1410563815, 420.9259259259259
1410567398, 614.5940337224384
1411879267, 1415.6637931034484
1420563114, 518.3255813953489
1420564162, 521.1550759392486
1420563080, 500.0978886756238
1418202370, 535.7855072463768
1418200145, 298.46875
1418200847, 451.08038147138967
1418199905, 593.3033898305084
1420562762, 422.95203488372096
1418198238, 525.3947368421053
1420562111, 684.1242236024844
1418197888, 394.1675392670157
1418197731, 932.7009345794393
1418197650, 540.974358974359
1418196168, 474.02137767220904
1420561887, 469.1310861423221
1418195542, 1039.0409356725147
1420117668, 561.4887640449438
1420560983, 523.7570422535211
1418194646, 651.3565683646112
1418563024, 811.5900621118012
1418562980, 511.05787781350483
1420561840, 515.4331395348837
1420558281, 816.1439393939394
1418562233, 759.7129817444219
1418561064, 2948.707006369427
1418560949, 1116.2757078986588
1420557845, 658.1333333333333
1418560162, 629.8437303087586
1418456566, 468.6140186915888
1420558186, 429.64444444444445
1420557421, 542.5625
1421630377, 558.2028218694885
1420557696, 623.081560283688
1421629633, 337.42359767891685
1421628083, 709.6181229773463
1421627981, 307.546875
1421627594, 701.7981651376147
1421627093, 512.1069958847737
1419015702, 664.4897119341564
1410836075, 522.9036414565826
1410833272, 478.0389278876835
1421626782, 657.531746031746
1421626630, 355.5552918841955
1420231297, 522.9597388465723
1420230544, 1249.65
1420230519, 451.74903474903476
1420229976, 481.1845238095238
1420229507, 543.5914786967419
1420229174, 1145.062893081761
1420229408, 759.09375
1421623931, 515.8626010286554
1410880600, 685.4640522875817
1410879917, 708.9802631578947
1410880605, 463.775
1410879507, 523.3703148425788
1410879339, 437.10763454317896
1410880789, 519.2355769230769
1410877975, 620.7300995024875
1411176154, 589.469512195122
1411217335, 571.3904761904762
1411105520, 587.46
1410568907, 535.4334763948498
1414795407, 603.5309278350516
1410572947, 472.0769230769231
1414795344, 507.09655172413795
1414781389, 586.0584415584416
1416504272, 578.2987804878048
1412979214, 495.3123486682809
1415113820, 373.07768924302786
1415244688, 352.901921132457
1415933958, 632.5193370165746
1415933585, 585.3498542274052
1416744547, 737.2365079365079
1418209824, 708.851590106007
1416627442, 1090.5392491467576
1418209224, 780.8522727272727
1418208863, 614.6442477876107
1418208244, 706.0555555555555
1418208170, 904.8918205804749
1418207864, 432.5530303030303
1418207251, 622.7966101694915
1418206997, 790.942942942943
1418205854, 645.6203904555315
1418202761, 536.4
1418204694, 470.22762645914395
1418202691, 675.1418918918919
1418195377, 380.28210116731515
1418195737, 465.0990712074303
1418562525, 760.5062034739454
1418455339, 542.0967741935484
1421629930, 866.5884615384615
1420348335, 609.3302857142858
1420348480, 563.2016129032259
1421626737, 1330.2701030927835
1420346757, 611.9405405405405
1420345758, 520.1531531531532
1420345345, 703.1414634146341
1420296040, 536.1282051282051
1420233897, 444.578125
1420233898, 534.4769797421731
1420232671, 532.5883100381194
1420231694, 575.1440677966102
1420229078, 494.8058778035576
1420227758, 711.7118644067797
1410879979, 831.3759305210918
1421148171, 589.5567567567567
1420231858, 534.5294117647059
1410646795, 432.46666666666664
1421127456, 603.2488479262673
1412144874, 782.1692307692308
1416761716, 780.2727272727273
1414741662, 557.039408866995
1418208044, 1573.1818181818182
1416627771, 593.3589743589744
1418206648, 679.1619613670134
1418202622, 560.5247524752475
1418560440, 2477.7190635451507
1420348628, 702.9926470588235
1420347040, 348.72246696035245
1420296217, 635.4240837696335
1420233630, 608.484375
1420407051, 624.375
1412159617, 500.8018575851393
1420406704, 276.94140625
1420481303, 611.0981169474727
1412160272, 506.1384217335058
1420405894, 521.3469387755102
1412160627, 993.1132075471698
1420405716, 718.645
1420481037, 400.5857605177994
1420480151, 400.9645390070922
1412160726, 612.0428571428571
1420405532, 779.3819188191882
1412161971, 560.089247311828
1420405266, 466.3953922789539
1420402055, 644.3720930232558
1412162312, 646.3148148148148
1420403523, 480.7836970474968
1412163121, 474.2227848101266
1420480001, 524.1776061776062
1412163213, 629.6436781609195
1412163339, 457.55555555555554
1420402036, 577.6094710947109
1420479797, 810.2662337662338
1420479604, 739.6875
1420479674, 614.8187919463087
1420479275, 600.6712018140589
1420400390, 959.9661016949152
1412167772, 842.4212121212121
1420398654, 473.57462686567163
1420398595, 511.375
1412168037, 611.6159420289855
1412167944, 1606.948717948718
1412168283, 636.5980861244019
1412168855, 603.9079646017699
1420479075, 440.65644171779144
1412170599, 1397.553911205074
1412171022, 651.8199121522694
1412171319, 1013.3256880733945
1420478822, 583.0184842883549
1420478570, 518.7669491525423
1412174129, 509.1910569105691
1414853560, 729.3648648648649
1414868493, 1077.5416666666667
1414845013, 403.921875
1415712423, 594.0202286719438
1414870444, 534.6943521594684
1415712477, 478.30434782608694
1414924179, 594.3009367681499
1415712624, 391.76751592356686
1414927973, 1357.7087378640776
1414928558, 1042.1891025641025
1415713014, 493.1968085106383
1415712945, 1600.2432432432433
1414928559, 995.7111111111111
1414928816, 1116.8909090909092
1414929317, 1078.7715617715617
1414841547, 477.2343675417661
1414821153, 321
1415714571, 618
1414839177, 315.6875
1414842359, 332.515625
1414842629, 273.1171875
1414842252, 863.5641975308642
1414842992, 590.3385214007782
1414843522, 525.9
1414843661, 516.2183098591549
1413391182, 566.9722222222222
1414844990, 560.9921524663677
1414845312, 521.6940063091482
1414845835, 578.6196172248804
1413391684, 635.4103019538188
1414929754, 1063.9038461538462
1413392110, 576.2210065645514
1414849498, 638.3333333333334
1414847281, 482.01683816651075
1414847602, 731.5860927152318
1414848188, 634.7718631178707
1414848667, 670.7173913043479
1414849440, 595.2794943820224
1414849812, 526.4447852760736
1414849839, 378.125
1414850171, 534.6683804627249
1414850671, 503.4595185995624
1414851101, 517.1942857142857
1414924507, 602.7735849056604
1416475766, 308.45588235294116
1415640405, 641.8276422764228
1410525140, 1364.764705882353
1410492472, 819.5533596837945
1410527114, 549.0702228224172
1410527193, 627.8370786516854
1410527451, 378.12669683257917
1410528425, 642.453488372093
1410528848, 686.9067599067599
1410529301, 480.4828431372549
1410529347, 577.3623188405797
1410530469, 312.03125
1410529722, 524.2112299465241
1410534998, 298.82808137215795
1410536048, 399.08524240809805
1410536152, 639.7358974358974
1410536714, 901.6674968866749
1410537313, 593.9053497942386
1410538023, 619.1492957746478
1410537942, 1111.16
1410538121, 828.7916666666666
1410539195, 521.6998468606432
1410539681, 499.05382436260624
1410541799, 328.0206766917293
1410541799, 740.0978260869565
1410542961, 573.7339373970347
1410618660, 445.66951566951565
1410557859, 492.0587431693989
1410557163, 847.7464788732394
1413498272, 522.4375
1414874430, 543.9451697127937
1414873181, 696.1224944320712
1414872946, 440.41825902335455
1414871844, 548.015503875969
1416475755, 1180.0666666666666
1414871729, 476.6879668049792
1420585164, 498.94805194805195
1416374097, 662.9024390243902
1416375039, 642.5099715099715
1416374055, 542.5816326530612
1416373230, 587.3121387283237
1416372738, 655.9093333333333
1410506731, 862.0728744939271
1416372225, 506.8360655737705
1416371963, 453.3373983739837
1416371500, 548.5943396226415
1416371467, 435.94166666666666
1416370972, 495.4696048632219
1415713784, 652.9267707082834
1410506870, 407.01176470588234
1416369320, 659.8227513227513
1416366958, 850.1002178649237
1410506380, 425.26126126126127
1415609777, 556.452380952381
1416366434, 323.05263157894734
1416368277, 389.4754098360656
1416366417, 603.0286975717439
1416493246, 1065.90625
1416493340, 404.6859791425261
1415512897, 437.1316348195329
1415530697, 527.8125
1415512652, 545.673792557403
1415530551, 665.8048780487804
1410491212, 614.702380952381
1420165047, 491.9467005076142
1410827554, 458.120218579235
1420303995, 514.5881261595547
1420302414, 586.6696090794452
1420301687, 778.5787671232877
1420301153, 869.243670886076
1420300934, 874.0385604113111
1410839726, 2101.975225225225
1410838613, 666.4098798397864
1415731481, 404.99268887083673
1415730262, 853.830258302583
1415104948, 513.8445595854922
1415104373, 545.7787610619469
1413602322, 493.9230769230769
1413791392, 660.0555555555555
1414632905, 435.84060500290866
1412782990, 507.87894736842105
1412914039, 465.0832558139535
1412911306, 605.9878787878788
1412909064, 817.891768292683
1412908969, 339.4860449285228
1420298123, 431.5888324873096
1420297819, 520.1717289719626
1410829328, 584.1561338289963
1410880811, 598.5454545454545
1421104414, 905.4464609800362
1410881562, 639.1566878980892
1410883638, 508.69700272479565
1410883740, 1809.9204545454545
1410885844, 715.4383954154728
1410885023, 340.0340798442064
1421622290, 483.64299548095545
1421622647, 655.099393939394
1421622879, 606.8595317725752
1418670572, 566.2033582089553
1418670830, 461.38752783964367
1418210102, 640.9166666666666
1418210309, 712.9905660377359
1417391164, 359.04077669902915
1416627099, 454.5691056910569
1416433755, 1170.0966386554621
1414917536, 456.3048433048433
1415637083, 589.1969696969697
1410826808, 1031.8731343283582
1420298470, 702.1293260473589
1410834054, 651.7368421052631
1414738014, 437.74122807017545
1411175514, 924.6653696498055
1411178920, 1734.5092592592594
1411178827, 416.6217183770883
1411179713, 418.0763888888889
1411106228, 868.6771653543307
1411044379, 532.1529411764706
1411045055, 559.6634615384615
1411881183, 524.2738927738927
1412082766, 701.3686679174484
1411765691, 470.529262086514
1421268670, 693.2164179104477
1421269118, 474.5325365205843
1412978516, 386.787109375
1412977048, 711.4624624624624
1412906308, 446.61728395061726
1413812657, 504.4881087202718
1416370061, 738.6728232189973
1413811830, 1235.76953125
1410569371, 501.27914110429447
1413791369, 739.84
1410568937, 940.1122448979592
1410569585, 344.4375
1413663718, 514.5
1410569847, 545.75
1410570754, 461.0902160101652
1410571991, 472.58297872340427
1414798216, 443.5069124423963
1414797719, 516.5490196078431
1414797312, 556.1325648414986
1410572320, 576.419689119171
1414797133, 929.3892405063291
1414797072, 350.7200374531835
1410572738, 532.9471544715448
1410572878, 383.32710280373834
1414784062, 621.4715789473685
1414757950, 1146.4166666666667
1414742302, 545.424791086351
1410646657, 423.7378246753247
1410946971, 595.7884615384615
1411043797, 622.690594059406
1410827016, 456.49794238683126
1420299567, 527.9768
1420300576, 524.2210526315789
1410838365, 860.8712643678161
1410566385, 470.94767441860466
1414740097, 223
1410564503, 523.1025641025641
1415644096, 318.875
1415640523, 370.92561983471074
1420299903, 1551.0758293838862
1410837797, 465.344
1419473077, 637.1606299212599
1419473579, 560.2570621468926
1419473610, 578.6666666666666
1419474103, 531.109375
1419475280, 621.9321503131524
1419478216, 618.2086021505377
1412144898, 642.3214285714286
1410838132, 1359.5063520871142
1410645756, 505.2145110410095
1414740871, 508.55445544554453
1414740527, 445.7903225806452
1414740397, 314.84615384615387
1414740335, 498.4933774834437
1414739953, 497.4959349593496
1414739807, 536.6160714285714
1412082782, 286.39453125
1414739680, 806.2096774193549
1414739591, 572.4688524590164
1412081178, 521.6153846153846
1412775360, 670.4026315789474
1412775023, 506.03213367609254
1412727595, 665.822299651568
1413382132, 469.81828978622326
1413369879, 889.8627450980392
1413299372, 767.841726618705
1414739111, 533.0697674418604
1415643290, 530.3628981886321
1414739128, 526.8591549295775
1415641874, 520.0213698630137
1414738948, 728.4556962025316
1414738626, 391.48902821316614
1415636970, 708.3692152917505
1414738078, 1405.7887323943662
1413810906, 728.9946524064171
1413662139, 550.9031847133758
1413810734, 506.6959098992294
1410877349, 804.4387990762125
1410871759, 655.6407035175879
1410868590, 1160.4035087719299
1410826313, 653.4432497013142
1415304454, 511.0230769230769
1415304162, 534.9944444444444
1415933165, 655.4532520325204
1415861858, 666.6954198473283
1416761693, 672.5269922879178
1416743800, 437.0612244897959
1416761474, 903.879746835443
1410876919, 440.6534040671972
1410875665, 613.1388888888889
1410875340, 1625.6898148148148
1410875130, 539.7788184438041
1410870808, 694.3763213530656
1410871395, 683.1859099804306
1410870210, 663.8760330578513
1410870259, 1178.8805970149253
1410870145, 479.1645569620253
1410868543, 652.1360946745563
1410868383, 896.579104477612
1410870042, 1042.2479338842975
1410825153, 546.9015084294588
1411391963, 734.9754661432777
1421267278, 629.3062730627306
1414737715, 880.2278481012659
1414794351, 562.9780487804878
1414630682, 507.05627705627705
1416626800, 517.9714285714285
1416626570, 489.2758620689655
1416626559, 453.2064128256513
1417316368, 712.5894511760513
1417194060, 735.9367945823927
1418194153, 1351.993006993007
1418193871, 493.12639894667547
1418152701, 620.449074074074
1411387976, 312.111328125
1411383957, 591.6319444444445
1411373004, 671.6428571428571
1413195995, 902.375
1411372832, 495.6373429084381
1415103888, 517.8064992614476
1410874405, 298.6355859709153
1416139991, 620.5925266903914
1410871401, 1610.3709677419354
1410870049, 326.9782608695652
1417580484, 369.58
1411216903, 589.0353982300885
1411399851, 503.25363489499193
1411399167, 497.9310344827586
1411399283, 448.8932038834951
1417485653, 740.3546856465006
1417440152, 593.4581602373887
1412973220, 572.8075639599555
1410869984, 472.7149621212121
1411395800, 550.0788643533123
1411396336, 1206.829181494662
1411390852, 636.8476821192053
1411385968, 505.4017467248908
1411385707, 505.64908256880733
1411398807, 500.3347107438017
1411381892, 1666.8897959183673
1411381731, 466.2327317983821
1411381011, 279.55244195356283
1411376585, 714.5691489361702
1411375569, 514.7560975609756
1411376327, 640.2849264705883
1413890163, 418.92112676056337
1417443445, 688.841726618705
1411374718, 552.1573033707865
1411374206, 473.19323144104806
1411374184, 345.71875
1416122081, 658.4520547945206
1416122754, 404.54401805869077
1416122828, 567.7222222222222
1411373009, 2287.9626865671644
1413195278, 1363.7413793103449
1413195218, 2752.8427672955977
1417578440, 460.9270833333333
1413195127, 492.0767973856209
1413054004, 491.0400843881857
1414016518, 720.899173553719
1415074356, 506.8075435203095
1417578756, 745.4825327510918
1415073369, 908.3237410071943
1416139212, 2838.7179487179487
1416139118, 671.9683544303797
1416139372, 800.84375
1415947852, 619.3912483912484
1417628884, 353.6551204819277
1417579539, 649.8607427055703
1417598356, 536.0971973762671
1417580381, 470.8818407960199
1417582413, 565.6875
1417034065, 529.7475247524752
1417583933, 374.5745
1417585408, 557.0740947075209
1417585666, 814.893470790378
1417585876, 591.1751662971175
1417586679, 743.62
1417438695, 818.1129629629629
1418437022, 484.48982558139534
1418965621, 588.9034157832745
1417441468, 320.53627180899906
1417442229, 613.2090970807875
1418964039, 415.49750415973375
1418961577, 499.0785804816223
1418960658, 1078.5027173913043
1419235366, 452.9093107617896
1419233000, 640.4527220630373
1413811003, 254
1419191344, 833.7924528301887
1411396367, 1302.9803921568628
1419085031, 821.4309210526316
1419308753, 204
1419374134, 480.5607235142119
1417586435, 596.2787193973635
1420162273, 497.2591836734694
1420818299, 530.451871657754
1420902545, 932.4590163934427
1420831833, 535.0807142857143
1413151937, 403.8333333333333
1413192279, 543.5283018867924
1413152660, 557.9258278145695
1413963765, 506.0986842105263
1417442340, 1674.0656565656566
1413963211, 1044.1764705882354
1413890325, 1259.4846153846154
1417442495, 879.0283687943263
1417442824, 570.3394919168592
1417446286, 263.52
1415102421, 448.0807174887892
1417448886, 348.87528957528957
1417449072, 746.0876494023904
1415102509, 736.989247311828
1420343767, 495.1020408163265
1411392482, 681.4055118110236
1411377410, 477.8489932885906
1415637714, 668.3705692803437
1411375476, 895.4177949709865
1416120775, 357.96225513616815
1416121862, 913.1701931922723
1411478202, 531.9867330016584
1415946987, 801.375
1415946220, 641.8798076923077
1417578323, 796.225
1417449115, 918.0826446280992
1417448545, 259.9307520476545
1417450206, 488.06514657980455
1417450732, 531.7623762376238
1417035357, 368.5131964809384
1417035324, 278.28515625
1417034320, 1189.0891472868218
1417032854, 439.8637698179683
1417031022, 339.90562613430126
1417028707, 620.7142857142857
1417582589, 391.5927861996864
1417028596, 500.88307915758895
1417025482, 470.6195652173913
1417027161, 531.6135034556087
1417025479, 538.4561101549053
1417024900, 563.3803418803419
1418388387, 741.4814814814815
1418925415, 598.4503968253969
1419158204, 467.25514660012476
1419158449, 1113.336879432624
1419158689, 647.1034482758621
1419159245, 447.1782178217822
1419159154, 1007.0719178082192
1410645309, 450.2741935483871
1410644961, 409.7308066083576
1410644887, 472.140625
1419279547, 1008.9283551967709
1411006433, 551.0456621004566
1418437997, 313.953125
1418669026, 555.2321144674086
1417193652, 353.4955167531855
1417195489, 401.875
1417316748, 585.8223938223938
1416627819, 596.8095238095239
1416746861, 369.37566137566137
1420063990, 591.7844036697247
1420559064, 518.7312925170068
1420559333, 380.6503267973856
1420559666, 506.7178329571106
1420561235, 540.7674418604652
1420561531, 308.625
1418970816, 467.12698412698415
1418971558, 492.7809210526316
1418970777, 466.3805970149254
1412144016, 572.7545871559633
1420697890, 1061.375
1420855981, 488.51006711409394
1420697635, 489.17083333333335
1411998256, 500.8137755102041
1413381052, 472.39650145772595
1413598318, 567.3194029850746
1413597610, 471.46875
1411396429, 654.2266666666667
1411397674, 661.7828054298642
1412903965, 554.953821656051
1415638050, 602.987012987013
1415637810, 594.2678571428571
1415638753, 567.2183544303797
1415636208, 570.7774647887323
1415639979, 567.9435396308361
1415635996, 1154.164869029276
1415635796, 344.7845849802371
1415634795, 558
1411382506, 616.4748743718593
1415941471, 551.4926362297497
1416503724, 666.4021352313167
1416503300, 364.0105448154657
1417131410, 367.43636363636364
1417132007, 668.0826612903226
1417131188, 461.34563106796116
1417037708, 731.4486187845304
1417391447, 451.2432432432432
1417037072, 361.7866473149492
1417024139, 483.33578595317726
1419158744, 978.0454545454545
1418926010, 534.7537619699042
1418670172, 539.5846645367412
1418670057, 655.0054704595186
1418669670, 393.9653092006033
1419235964, 988.3364116094987
1418154155, 677.8555858310626
1419974845, 916.7440828402367
1411997909, 440.7334384858044
1413597860, 745.5360824742268
1415639319, 633.8313253012049
1415634660, 613.8257261410788
1411397316, 442.11298315163526
1411397725, 745.7101449275362
1413811829, 329.35185185185185
1411397901, 853.74715261959
1411398140, 664.363076923077
1411398391, 499.7749360613811
1412973585, 444.34375
1412906245, 521.4076576576576
1412976400, 405.4566098945661
1412976685, 1053.131868131868
1412976801, 672.8435754189944
1411105351, 619.5324675324675
1415944382, 542.082489146165
1417131362, 672.8848484848485
1420341944, 602.2193308550186
1420227676, 441.0285714285714
1411381863, 407.3538461538462
1413488264, 383.240234375
1413487635, 467.0861423220974
1413487457, 574.3177570093458
1413487433, 492.0936329588015
1413486820, 514.6626139817629
1414917121, 409.5753424657534
1420557064, 521.7813559322034
1420557137, 731.3897058823529
1420556438, 788.0939597315436
1421615486, 626.68
1421614764, 573.65
1420556289, 391.2208067940552
1420556326, 741.578231292517
1420555531, 573.128949615713
1420555184, 756.021052631579
1420555185, 510.87045454545455
1411398829, 745.265625
1414930030, 528.5925925925926
1411393319, 537.9128065395096
1411394081, 616.0226537216829
1411394387, 708.024
1411394989, 1100.207039337474
1411385108, 791.7028985507246
1415939520, 540.0271816881259
1415936793, 454.44444444444446
1415938172, 456.83516483516485
1415936784, 783.0252951096121
1415935546, 784.3813559322034
1415936228, 491.09856781802864
1415935458, 1348.9140049140049
1411371848, 1693.126213592233
1411417055, 575.3833333333333
1415938873, 359.0688935281837
1415942411, 547.6090395480226
1415942876, 480.46816479400746
1415938474, 1203.60777385159
1411240980, 503.87896995708155
1415940050, 527.488188976378
1411383395, 793.6160714285714
1418749236, 451.6172393007836
1418747810, 592.6495253164557
1418747143, 539.6938040345822
1418746750, 274.6763896532746
1418744221, 377.46707040121123
1418743056, 733.0820980615736
1418742522, 367.60526315789474
1418742367, 596.1150793650794
1418742023, 1829.4130434782608
1418742135, 717.6598639455782
1418741940, 424.1524547803618
1418741682, 585.7966507177033
1418728751, 637.2415730337078
1418741367, 610.6079077429983
1418731876, 636.6293859649123
1418740951, 1055.1508295625943
1418740814, 367.41834232466897
1418738828, 1245.608527131783
1418734162, 501.515625
1418736248, 1058.015536723164
1418738725, 978.0960784313726
1418738326, 384.9414182939363
1418733605, 550.7980769230769
1418735726, 378.70273003033367
1418733583, 685.3929961089494
1418731469, 427.84615384615387
1418732926, 707.4419263456091
1418731435, 477.14476614699333
1418731151, 1075.625
1418731075, 691.234424498416
1418731403, 261.423828125
1418729297, 518.8011204481793
1418729720, 610.7676767676768
1410752083, 554.8071847507331
1410753155, 2071.515625
1415611460, 488.88971962616824
1415610791, 638.6138613861386
1415610552, 646.0317757009345
1415609430, 1574.357314148681
1415608935, 1782.8321167883212
1415608907, 1299.8272
1414799013, 2081.0833333333335
1421620351, 278.3515625
1421620869, 549.3833805476864
1420902350, 893.3003033367038
1420901748, 750.687374749499
1420901012, 1085.531884057971
1420900267, 376.087890625
1420900630, 542.831884057971
1420899700, 395.96484375
1420898950, 823.1934065934066
1420898367, 652.1219830397913
1420896293, 1189.2015873015873
1420896931, 984.2904073587385
1420895874, 1043.4275766016713
1420895848, 325.7779850746269
1420893667, 343.14109024278514
1420894495, 607.4882400648823
1420890933, 1123.2165898617511
1420890274, 502.23628691983123
1420889844, 492.29787234042556
1420889510, 545.6666666666666
1420889453, 567.8028169014085
1420889065, 640.7564102564103
1420779745, 520.2784722222223
1421619386, 416.3227091633466
1421618646, 787.7325227963526
1421617370, 207
1421618131, 657.6994577846631
1421616535, 350.7088607594937
1420556506, 617.1548387096774
1421561304, 372.6318359375
1421558672, 658.3185185185185
1418853925, 1607.4845132743362
1418856749, 754.8979591836735
1418859473, 458.8125
1418858608, 774.6232638888889
1418858762, 1526.8125
1418844878, 340.93809740555304
1418858803, 717.3711340206186
1418859007, 752.6479400749064
1418859339, 699.29203539823
1418859866, 567.7753479125248
1418719492, 315.65625
1418860970, 705.226976744186
1418719725, 711.5251661918329
1418720115, 643.8351254480286
1418720577, 634.9553398058252
1418720985, 528.3049327354261
1418721426, 563.8888888888889
1418722829, 509.73600844772966
1418721873, 399.6457765667575
1418722916, 768.2201257861635
1418723017, 612.5582822085889
1410550004, 492.0892667375133
1410752913, 500.00920810313073
1421619799, 496.96491228070175
1421618997, 537.368700265252
1420161629, 903.9666666666667
1421617282, 385.01234567901236
1420161600, 444.7278106508876
1420161057, 574.1003134796239
1420160615, 554.7677902621723
1420063517, 547.1542397660819
1416492219, 339.6095238095238
1420585518, 519.374695863747
1418728514, 687.9283746556474
1418852623, 417.3008356545961
1416476200, 534.003367003367
1416478196, 366.8970588235294
1416478079, 485.5194206714944
1416478725, 558.1797752808989
1416479213, 415.35135135135135
1416479383, 569.5343511450382
1416480584, 395.8410896708286
1416481108, 752.7441860465116
1416481057, 940.7995594713657
1416481156, 763.3157894736842
1416482920, 546.0743440233236
1416483356, 1137.486301369863
1416484019, 542.2824675324675
1416484450, 525.1918976545842
1416486534, 463.8216718266254
1416488193, 643.8166953528399
1416487028, 733.1948051948052
1416504315, 392.94814814814816
1416491705, 278.92012779552715
1416504817, 447.39086294416245
1416505691, 454.13064361191164
1416506022, 498.98064516129034
1420586247, 565.1567567567567
1421690597, 739.5949554896142
1421746937, 553.5674846625767
1418724840, 493.20197740112997
1418726152, 207
1418727309, 436.65953307392994
1418858106, 404.31711273317114
1410754144, 479.8218232044199
1417022852, 444.474870017331
1420161400, 508.0334928229665
1416507466, 427.1507537688442
1415676162, 547.6359649122807
1414843467, 576.1895043731779
1420603659, 633.5348837209302
1420391101, 1338.524765729585
1420456192, 712.8155339805825
1420584748, 540.0751748251748
1416506936, 444.8498789346247
1416506997, 354.8482142857143
1415666483, 899.9753466872111
1415667342, 533.959595959596
1420586328, 476.224
1420603738, 678.1326530612245
1421649306, 511.60232558139535
1418723266, 472.12549019607843
1418726100, 654.469512195122
1418723359, 645.0129032258064
1418723480, 592.4142011834319
1410730858, 865.9132275132275
1418725576, 625.5632823365786
1418772766, 423.49632560768794
1418771027, 546.1382488479263
1418641537, 1488.1563126252504
1415668789, 597.0544217687075
1419236013, 1016.4455445544554
1419236162, 534.6577540106952
1419605743, 534.4385026737968
1420603418, 602.5885509838998
1420635445, 593.7391304347826
1420634381, 640.556886227545
1420634251, 518.6772334293948
1420600550, 839.3854489164087
1420387335, 359.9737704918033
1419242155, 546.2785234899329
1419243608, 302.77980535279806
1419242342, 1234.3076923076924
1419243749, 1166.3384615384616
1419246012, 922.5538461538462
1421649000, 616.1810344827586
1419247912, 557.8910891089109
1421648865, 566.9341176470588
1419249066, 331.234375
1419249929, 399.47651775486827
1419250248, 840.0595667870036
1419251054, 553.3584158415841
1419250525, 479.3362831858407
1419252482, 401.743961352657
1420584240, 510.1694444444444
1419256074, 966.6296774193548
1419255563, 343.91597796143253
1419237474, 619.5837837837838
1419238441, 523.7687687687687
1419240034, 623.7725631768953
1419238692, 1306.9056603773586
1419241884, 772.1047120418848
1420594222, 415.94392004441977
1420591995, 506.55940594059405
1420594673, 884.2610921501706
1420595581, 551.5381062355658
1420607077, 367.2049019607843
1420591700, 525.5919835560123
1420590929, 803.4181818181818
1420590908, 363.47594752186586
1420589442, 495.15562913907286
1420589177, 674.0854700854701
1420588523, 470.44444444444446
1420588212, 521.6228765571914
1419245538, 495.4391534391534
1419248864, 479.2639040348964
1419252691, 816.281954887218
1410867415, 581.7371512481644
1416123427, 550.4896551724138
1416123140, 563.0219298245614
1410868450, 337.904296875
1410866620, 559.1591836734694
1411216765, 483.7298850574713
1412972418, 598.7673860911272
1412971182, 622.671875
1419257388, 578.5057915057915
1420888811, 4203.673913043478
1420888918, 1110.9811111111112
1412903239, 617.684375
1412902944, 475.85792349726773
1412902758, 525.4598214285714
1413808968, 512.6488549618321
1413808761, 469.576
1415860503, 458.84659090909093
1415860517, 656.1587301587301
1416743674, 748.040072859745
1416743052, 476.5418530351438
1418152573, 554.9342105263158
1419014035, 790.16
1419013724, 799.5186766275347
1419302486, 887.483286908078
1419303981, 344.04296875
1420340794, 466.55110220440883
1420340121, 474.52884615384613
1420227079, 590.3978590544157
1420226068, 493.51408450704224
1420164346, 519.1329787234042
1421177943, 264.5
1421325826, 482.09659090909093
1421147314, 613.3680351906158
1419160057, 625.0329861111111
1410865978, 554.0538922155689
1420886016, 538.5232558139535
1420885296, 1040.09375
1420887318, 361.4562737642586
1420885247, 861.0221402214022
1420888075, 523.1277932960894
1419014424, 386.6640625
1417313821, 322.11764705882354
1419303126, 563.2443280977312
1420160274, 646.8546798029556
1420160080, 1003.9818181818182
1420158517, 303.4
1420159554, 1015.4226579520697
1420157266, 596.607476635514
1420156897, 718.6645367412141
1420156709, 456.9428571428571
1420156649, 839.5534979423868
1420158899, 483.848948374761
1420157766, 634.415873015873
1420156149, 545.125
1420156407, 364.5883392226148
1416508093, 509.6060606060606
1416508041, 524.2180349932705
1416508830, 540.5379609544468
1416509040, 603.2702702702703
1416510409, 581.3226744186046
1416510686, 536.8553791887125
1416512186, 533.4214876033058
1416512158, 423.4471452798191
1416512615, 667.3326673326674
1416514537, 357.067287043665
1416514831, 725.2537722908094
1416512990, 555.6830265848671
1416515800, 654.5216138328531
1416515515, 665.4022988505748
1416515326, 433.230198019802
1416516690, 514.9001848428835
1416517150, 545.9467918622848
1416517692, 523.4940867279895
1416562521, 515.9173553719008
1416522583, 559.8949454905847
1416548861, 374.72222222222223
1416559145, 741.2609340252038
1416552350, 405.63466666666665
1416523618, 629.3322502030869
1416518907, 501.03076923076924
1416553441, 544.6395881006865
1416557149, 366.51125244618396
1416521134, 421.76
1416521099, 502.50150753768844
1416523643, 434.8
1416521889, 553.76
1416524063, 569.4623853211009
1416525074, 521.4776902887139
1416525540, 371.3775
1416525812, 696.4607329842931
1416525910, 536.4112291350531
1416526170, 254
1416525972, 626.9354838709677
1416528554, 516.6531034482758
1416527231, 587.4677419354839
1416527058, 527.7917383820999
1416529621, 603.1006441223833
1416530055, 771.2334494773519
1416530238, 620.7709497206704
1416530227, 408.0625
1416535049, 833.8378746594005
1416531752, 708.6073793755913
1416535015, 371.7736972704715
1416530943, 382.1754756871036
1416536049, 560.7891816920943
1416537651, 470.7354959451029
1416539768, 603.1236641221374
1416538550, 703.506237006237
1416538639, 505.81666666666666
1416539820, 481.53125
1416539058, 514.6417910447761
1416540071, 566.3012048192771
1416540934, 418.60791826309065
1416541034, 436.95454545454544
1416541475, 499.76439790575915
1416541698, 557.2670454545455
1416557709, 545.290625
1420456588, 604.6422976501306
1420458070, 421.7641589180051
1416542780, 405.4885993485342
1416542830, 937.5339805825242
1420458607, 506.26174496644296
1419241863, 455.51724137931035
1419241385, 618.4693019343987
1420458287, 877.2087286527515
1419239860, 685.9239130434783
1419238965, 766.9641577060931
1419238661, 358.43359375
1410727230, 513.1993987975952
1410725528, 1493.6246246246246
1410726151, 745.0391517128875
1410725160, 493.41570881226056
1410724568, 580.8552631578947
1410724335, 693.384912959381
1410723794, 588.2863636363636
1410723370, 532.9098591549296
1410722968, 499.49364791288565
1417981603, 534.5652173913044
1417981672, 609.5121951219512
1417981893, 462.0285714285714
1417982150, 398.7258064516129
1417982391, 681.2920634920634
1417980276, 509.1094890510949
1417983190, 679.5093085106383
1410749988, 465.1835032437442
1410668174, 842.6900237529691
1420586832, 521.595600676819
1416543417, 477.42226487523993
1416545579, 434.01611665387566
1416546521, 553.2412831241284
1416546660, 554.9444444444445
1416544691, 542.2237936772046
1416549209, 764.1953125
1416549707, 895.2546583850932
1416559607, 422.9749373433584
1416550954, 397.2957906712173
1416561007, 655.4391951006124
1416562808, 583.9907407407408
1416565603, 399.2899786780384
1416551616, 632.55625
1416551692, 494.9465648854962
1416565966, 1411.8658146964856
1416568863, 342.375
1416566789, 506.31223021582736
1416567302, 595.4817204301075
1416567614, 637.5961538461538
1416569020, 629.3502262443438
1416569094, 751.5112781954887
1416572466, 681.6792873051224
1416569295, 630.7217741935484
1416569369, 691.8761061946902
1415514678, 449.70918009810794
1416571915, 742.5610510046367
1415514898, 552.3867403314918
1416571302, 607.0394656952034
1415514903, 504.5135135135135
1415516489, 604.6304985337243
1415517646, 332.75390625
1415518295, 809.2822966507177
1415518867, 640.8328358208955
1415519219, 798.6903225806452
1415519593, 734.079295154185
1415519858, 636.377358490566
1415519936, 530.8409090909091
1415520227, 583.6732673267327
1415520491, 587.1716738197425
1415520693, 504.6734693877551
1415521501, 647.623217922607
1415521914, 435.29464285714283
1410580455, 425.44444444444446
1410582699, 560.3110236220473
1410582288, 667.4605504587156
1410585764, 559.7908745247148
1410587728, 417.86206896551727
1410586327, 821.869918699187
1410583801, 440.53846153846155
1410587558, 609.4576923076924
1410585847, 494.7913043478261
1410587126, 664.2015503875969
1410592597, 1302.8684210526317
1410588563, 800.125468164794
1410590911, 506.23640399556047
1410592533, 582.4461538461538
1410593742, 682.5804416403786
1410589015, 576.4366197183099
1410582923, 937.2592592592592
1410585247, 430.40344827586205
1410582875, 676.3008849557522
1410591001, 729.0222222222222
1410585778, 616.7333333333333
1410591788, 535.8259958071279
1410594248, 491.2406779661017
1410580526, 1030.7666666666667
1410586931, 416.61611374407585
1410592527, 595.1646778042959
1418951397, 529.9560439560439
1410587629, 486.8333333333333
1418926138, 377.74233128834356
1419608684, 348.2391857506361
1419606522, 510.0138504155125
1419605725, 1012.1782178217821
1419609195, 737.3488733488733
1410642863, 599.0370370370371
1410643508, 554.1660899653979
1410642557, 416.1196388261851
1410641571, 575.0484429065745
1410641209, 589.764367816092
1410640701, 435.81842818428186
1410640233, 459.7509202453988
1410639116, 531.7669902912621
1410642829, 486.6304347826087
1410638779, 248
1410638944, 437.7096774193548
1410638896, 1032.051282051282
1410639387, 347.87890625
1410641882, 534.2736486486486
1410638011, 441.79477611940297
1410637756, 904.4594594594595
1410636583, 530.0693277310925
1410636046, 474.375
1410635551, 361.9864864864865
1410633266, 588.9777777777778
1410635426, 493.61088295687887
1410633430, 501.14218009478674
1410633079, 511.3719008264463
1410634086, 590.5947580645161
1410632990, 508.5010309278351
1410632362, 504.8540880503145
1410632587, 552.625
1410631301, 672.4431818181819
1410631275, 637.8357915437562
1410631150, 316.255859375
1410628772, 583.9410646387832
1410628053, 586.4232673267327
1410632264, 1094.3846153846155
1410627594, 585.6647173489279
1410626614, 616.436496350365
1410625809, 393.9816513761468
1410625733, 449.92289719626166
1410625273, 540.1463414634146
1410625224, 636.0865224625624
1410624607, 636.2
1410624039, 1804.3105802047783
1410623927, 568.8336052202284
1410626939, 534.0177304964539
1410623583, 316.75936507936507
1410620829, 579.28125
1410633030, 601.3333333333334
1410620532, 686.6271186440678
1411006121, 618.8847262247839
1412141766, 976.1410852713178
1412140811, 739.8806818181819
1412140581, 526.0945945945946
1412080669, 472.67071524966263
1412078770, 556.6902439024391
1412078772, 351.74609375
1413380273, 485.3530805687204
1412078348, 842.7131782945736
1412078953, 345.015625
1413379845, 497.1556886227545
1413379226, 642.3627450980392
1413378419, 478.5465994962217
1420155032, 932.0282258064516
1415634196, 557.6216814159292
1420155421, 503.97297297297297
1415633553, 610.7669902912621
1415633275, 532.313025210084
1416501947, 584.7064393939394
1416501557, 586.9966273187184
1416501322, 372.73046875
1417022226, 547.5315408479835
1417021676, 789.2574257425742
1418668432, 418.4076655052265
1418668009, 816.2528445006321
1418667603, 529.8295615275813
1418666652, 438.37454545454545
1418666668, 566.5699745547074
1413378792, 493.94594594594594
1419160183, 595.8518518518518
1419258799, 724.6307339449542
1419259284, 451.24067164179104
1413486657, 471.9194139194139
1413486454, 465.16731517509726
1413485705, 453.6414380321665
1413484796, 643.0636604774536
1413484129, 506.8204964990452
1413482639, 435.91803278688525
1413479072, 824.5550561797753
1414837195, 492.9387755102041
1414836882, 462.81018518518516
1414836667, 516.923645320197
1418939339, 359.7330791229743
1418937628, 659.7434210526316
1418937186, 566.6280400572246
1418936682, 722.1723716381418
1418936192, 1127.173618940248
1418935707, 405.1270957274202
1418932806, 804.6875
1418934059, 336.64
1418931209, 573.5776397515529
1418931003, 523.2573742047426
1418929395, 1534.3510895883778
1418929362, 390.5662148070907
1418927404, 486.231520223152
1418926786, 954.828947368421
1418926746, 463.554821664465
1418958161, 1023.3545454545455
1418957539, 275.49171270718233
1418958176, 772.9701789264413
1418957802, 824.2489694971146
1418954531, 930.8716981132076
1418954567, 409.5164319248826
1418953509, 756.9469696969697
1418953389, 1223.5469387755102
1418951426, 183
1418953279, 431.71757925072046
1418943721, 658.2702702702703
1418951060, 708.2252010723861
1418950770, 515.6587982832618
1418949933, 550.3421052631579
1418948298, 619.1020036429873
1418948546, 653.8057553956835
1418947584, 664.9100642398287
1418947299, 853.400228050171
1418943853, 654.8562091503268
1418947110, 328.66213251426063
1418943786, 512.4678111587983
1418943574, 721.0815450643777
1418943114, 879.4892601431981
1418943055, 318.1659070191431
1418940721, 207
1418941687, 742.7041629760851
1418940685, 854.1299885974914
1418940865, 429.251953125
1418939951, 345.808721506442
1421614125, 538.2972972972973
1421614033, 338.24074074074076
1421613906, 642.6204146730463
1421613775, 380.3187250996016
1421612987, 518.4571984435797
1421612563, 717.0835380835381
1421558591, 785.890243902439
1421559072, 504.0693359375
1421556851, 481.84355179704016
1421555980, 494.218954248366
1421555312, 672.0861423220974
1421553720, 421.40682414698165
1421552814, 560.283422459893
1421552639, 490.23046875
1421552104, 530.3063511830635
1421551050, 718.405572755418
1421550650, 669.7716186252771
1421550183, 504.834451901566
1421549515, 515.8703296703296
1421549184, 848.6969072164949
1421548823, 378.11918604651163
1421547224, 580.7312646370024
1421545625, 494.564263322884
1421543129, 494.6332518337408
1421545204, 728.2941176470588
1421544422, 562.0122494432071
1421545190, 662.7
1421544629, 706.2416107382551
1421541924, 550.536231884058
1421541666, 634.9911504424779
1421541069, 518.2424242424242
1418388277, 531.5844155844156
1418387944, 389.4375
1418388040, 581.8605527638191
1418388643, 636.2589928057554
1418388957, 2367.9615384615386
1418389184, 566.1435562805873
1414015017, 445.13666072489605
1414015370, 735.036090225564
1414869827, 489.8382352941176
1414869657, 558.9438596491228
1414869429, 620.1020408163265
1414869023, 655.4968152866242
1413495197, 552.2596638655463
1414868387, 537.4109589041096
1413496607, 500.61995898838006
1414868271, 513.4671201814059
1413495002, 304.583984375
1414867871, 1085.6721698113208
1414867793, 418.1580838323353
1413493714, 598.2786885245902
1414866681, 725.1171428571429
1414866341, 382.5217391304348
1414866130, 569.8865030674847
1413399332, 461.2830188679245
1414865791, 587.5109780439121
1414864828, 329.9504950495049
1413398126, 561.9682203389831
1414864791, 391.88235294117646
1414864631, 1172.2857142857142
1414864620, 532.1036931818181
1414862937, 513.1320754716982
1414863071, 555.8489461358314
1414862173, 620.9381044487427
1413397630, 576.6405622489959
1411764408, 496.0306603773585
1411763430, 418.9642857142857
1411763160, 495.017094017094
1411762554, 529.1720116618076
1411761837, 522.4622871046229
1411761409, 605.3030303030303
1411761471, 695.2808219178082
1411761273, 456.8662790697674
1411761055, 490.98230088495575
1411761021, 515.0406698564593
1411759608, 621.916008614501
1411758042, 755.8562091503268
1411758001, 570.8836987607245
1411756855, 630.7391304347826
1411756282, 617
1411755923, 894.1896024464831
1411755626, 588.6509433962265
1411754465, 553.1235216819973
1411753760, 520.1456752655539
1411753138, 497.88257575757575
1411752466, 1089.2529182879377
1411749587, 570.4849137931035
1411752180, 362.9980610761028
1411752316, 1250.9774774774776
1411748777, 307.54361233480176
1411749178, 672.340405904059
1411747302, 542.6900129701686
1411745915, 436.02890173410407
1411746588, 681.3693972179288
1411745611, 653
1411744786, 396.1948051948052
1411744779, 457.75849731663686
1411744333, 526.1591981132076
1411743491, 549.6753846153846
1411742975, 471.8608108108108
1411742250, 526.277566539924
1411740261, 502.03713768115944
1411741840, 529.7182685253118
1411739014, 555.640933572711
1411738134, 1092.2033898305085
1411738338, 729.5891758917589
1411737387, 537.1555555555556
1411737306, 893.3382352941177
1411737176, 805.4583333333334
1411736829, 405.9078260869565
1411733430, 624.4059139784946
1411732511, 887.9230769230769
1411732275, 610.3789279112755
1413953099, 489.6284046692607
1414016184, 390.27659574468083
1411672075, 1245.3225806451612
1411672462, 719.5130111524163
1411674250, 338.3217054263566
1411674290, 1270.056555269923
1411672916, 816.1635883905013
1411672636, 670.8315018315018
1411674161, 1247.012987012987
1411676217, 514.4718406593406
1411674760, 596.6118299445471
1420885002, 645.0522388059702
1420884908, 837.5069767441861
1420884547, 625.2988313856428
1420884216, 391.51552106430154
1420882615, 641.7445442875481
1420880874, 450.9969897652017
1420879330, 753.5977859778598
1420878883, 635.1346153846154
1420878956, 636.9611650485436
1420878881, 618.7196261682243
1420877962, 679.7613430127042
1420877426, 568.8344722854973
1420876247, 444.42578125
1420875122, 525.7508771929824
1420873241, 809.6081300813008
1420873436, 391.06047032474805
1420871967, 507.2823061630219
1420872130, 386.5546875
1420871303, 255
1420871262, 425.01894736842104
1420870146, 578.7434210526316
1420870058, 467.07943262411345
1420868232, 541.2079002079003
1420867718, 542.839969947408
1420867260, 1124.75
1420866011, 450.1936936936937
1420865814, 435.2919508867667
1420865284, 400.0232558139535
1420865167, 447.44797687861274
1420864906, 462.94736842105266
1420864828, 416.3468634686347
1420864567, 416.3498622589532
1420863895, 460.63260619977035
1420863037, 466.95036764705884
1420862797, 920.88654353562
1420862667, 482.0121951219512
1420862417, 1216.0135593220339
1420862210, 484.58344113842173
1420861666, 354.96875
1420860323, 206
1420860283, 544.7324786324787
1420859196, 496.58011695906436
1420857751, 433.2307692307692
1420856198, 513.8263473053893
1420855334, 456.60323886639674
1420855447, 535.7384898710866
1420854978, 394.04430379746833
1420854889, 618.2508741258741
1420854504, 486.1522842639594
1420854131, 433.30133024869866
1420852626, 479.0866807610994
1420851835, 513.6340909090909
1420851541, 633.5463917525773
1420851070, 555.1166666666667
1420850964, 586.3510638297872
1420850583, 519.6541786743516
1420847372, 1038.0341246290802
1420851502, 353.671875
1420849255, 183
1420850320, 519.03284457478
1420848794, 490.63492063492066
1420848551, 531.1685039370079
1420845751, 1693.9756097560976
1420848078, 609.8560606060606
1420847230, 629.2586532410321
1420845687, 360.3496873496874
1412371040, 590.007299270073
1412566388, 536.7066666666667
1412193536, 518.1912225705329
1412218714, 628.03125
1412240863, 510.45012165450123
1412265911, 651.3778801843318
1412543880, 718.9855072463768
1412425947, 901.7857142857143
1412425939, 705.0227272727273
1410545030, 587.1196808510638
1418641141, 420.53846153846155
1410544708, 493.40236686390534
1418640916, 895.0011947431302
1410544544, 565.8850574712644
1418639890, 790.6514131897712
1410543789, 585.7194244604317
1418765394, 1381.7005208333333
1418776279, 509.66759002770084
1418759524, 632.9207507820646
1418760953, 475.9889298892989
1418639181, 1392.2230483271376
1410543547, 500.18106995884773
1418638821, 351.2138157894737
1418778113, 1031.8422330097087
1418777801, 478.38633461047255
1417999348, 633.7463976945245
1418776022, 628.0840336134454
1417982023, 1020.271954674221
1418775639, 1158.5050675675675
1418007043, 510.06598407281
1418775342, 460.69864698646984
1417961962, 860.7226107226107
1418774163, 277.681640625
1417982536, 659.5
1418772999, 718.975
1417840728, 496.03389830508473
1418772846, 1797.7115384615386
1417841574, 462.1058201058201
1418641785, 2116.225988700565
1417842565, 564.8415492957746
1410545486, 744.496644295302
1417841865, 409.07984790874525
1410545882, 470.8296296296296
1417843753, 372.3441226575809
1418642117, 1414.9903846153845
1417844673, 394.9151291512915
1410546200, 664.3441558441558
1417845625, 656.3369397217929
1418642710, 578.4059233449477
1417845652, 350.50555555555553
1410546968, 535.9382550335571
1417846248, 274.13288590604026
1418643107, 417.74642126789365
1417846287, 496.375
1410546997, 437.5
1417846316, 556.9050632911392
1418643201, 876.34375
1417847200, 645.1971677559912
1410547300, 430.24767801857587
1417847269, 340.6341463414634
1418643119, 988.7352941176471
1417847777, 584.3510638297872
1410547518, 503.89328063241106
1417849027, 822.514435695538
1418643404, 497.9130434782609
1417849192, 320.56410256410254
1410547559, 484.8515625
1417849300, 739.6420454545455
1418645204, 423.8125
1417851030, 549.973581973582
1410547807, 496.18779342723
1417851043, 1064.8
1418646266, 436.1796875
1417851094, 568.3302752293578
1410547846, 590.1846153846154
1417852968, 764.8028933092224
1418646012, 398.0589798087141
1417855623, 564.0062041737168
1410548369, 566.9839034205231
1417851718, 443.4479166666667
1418647517, 540.469696969697
1417848981, 327.9970930232558
1410548889, 525.7763157894736
1417856596, 544.2575
1418647654, 1429.5075268817204
1417841455, 509.3715170278638
1410548895, 544.3266666666667
1417856848, 554.9867109634552
1418648073, 351.921875
1417852302, 593.2683486238532
1418648046, 586.4785276073619
1417857247, 733.5674846625767
1410550642, 495.42195540308745
1417858106, 286.3515625
1418649220, 529.3643263757116
1417858737, 513.122641509434
1410550712, 368.40449438202245
1417858429, 589.0965391621129
1418649405, 611.0268595041322
1417860001, 588.6274970622796
1410600973, 666.7857142857143
1417860002, 277.46153846153845
1410600951, 486.0048076923077
1417860374, 517.1726618705036
1410600548, 455.3809523809524
1417861081, 422.1307692307692
1411677163, 441.94039735099335
1411676750, 481.46666666666664
1411676668, 1066.9313725490197
1411676602, 492.6813559322034
1411676402, 600.551839464883
1419443018, 579.1912442396314
1419442558, 467.12432432432433
1420155038, 664.9470198675497
1420154705, 572.7820512820513
1420154405, 385.4765625
1420153005, 786.3656387665199
1420153644, 548.5438596491229
1420154892, 910
1420152667, 340.631195998181
1420147582, 422.0673076923077
1420148878, 547.6436222005842
1420147506, 443.6651376146789
1420147296, 619.0328947368421
1420147332, 885.84375
1420146951, 538.9669117647059
1420146261, 635.6237623762377
1420146393, 408.72722313147847
1420143582, 332.22222222222223
1420143409, 505.15359477124184
1420143098, 476.07142857142856
1420142963, 416.31361607142856
1420098536, 515.2366737739873
1420097501, 505.66423357664235
1420096730, 406.81628392484345
1420095894, 427.3708791208791
1420095741, 288.70703125
1420094181, 453.30120481927713
1420093056, 361.38
1420092906, 444.28619528619527
1420092166, 473.1611374407583
1420091733, 567.0965909090909
1420091490, 484.83561643835617
1420091150, 559.3981481481482
1420090919, 560.9041916167664
1420090534, 511.55
1420090104, 602.1695906432749
1420090038, 309.96875
1420089206, 447.0081168831169
1420087741, 488.8063063063063
1420087241, 430.1128205128205
1420086800, 739.8740740740741
1420086629, 974.0869565217391
1420086006, 561.8464566929134
1420085495, 522.0080906148868
1420084708, 379.88495575221236
1420084383, 537.7472440944882
1420081456, 511.5700934579439
1420081443, 672.296875
1420079882, 477.42105263157896
1420080507, 597.8825
1420079106, 909.04
1420079834, 887.5688073394496
1420078777, 716.5555555555555
1420078629, 679.6778523489933
1420078378, 366.7241379310345
1420078304, 479.73523421588595
1420077517, 585.75284738041
1420075994, 589.3076923076923
1420075819, 490.3967391304348
1420075531, 478.47474747474746
1420074626, 943.725
1420074511, 510.1860465116279
1420073961, 742.978835978836
1420074205, 509.5433526011561
1420073656, 561.5823754789272
1420073219, 503.69026548672565
1420073611, 482.8953488372093
1420072737, 568.0568181818181
1420072551, 391.43956043956047
1420072461, 519.0960451977401
1420072217, 533.0166666666667
1420071552, 854.3720930232558
1420071431, 446.88034188034186
1420071473, 1147.5747126436781
1420071266, 494.1831683168317
1420070978, 639.8636363636364
1420070954, 652.2415094339623
1420070227, 370.125
1420070572, 585.5
1420070164, 532.5048231511254
1420069651, 655.5535714285714
1420069439, 595.5582191780821
1420086561, 433.9921875
1420068202, 902.2931034482758
1420068294, 350.625
1420068032, 558.7337883959044
1420067640, 608.7108013937283
1420067225, 497.7692307692308
1420067209, 841.6086956521739
1420067160, 582.0891089108911
1420067006, 531.9071428571428
1420066632, 473.4381939304219
1420064416, 566.6382428940568
1420061457, 955.2553191489362
1420061417, 525.958605664488
1420060802, 545.3699284009547
1420060184, 752.8727272727273
1420059896, 346.9668874172185
1420059421, 443.109022556391
1420059471, 491.25714285714287
1420058777, 480.26239316239315
1420057115, 491.87084148727985
1420056424, 475.0741885625966
1420055348, 463.76623376623377
1420055192, 762.0534351145038
1420055543, 535.5079872204473
1420055047, 550.8611111111111
1420054987, 531.9569377990431
1420053610, 291.25
1420053557, 411.10752688172045
1420054773, 542.7882059800664
1420053491, 491.45054945054943
1420052682, 462.90945674044264
1420051765, 409.0952380952381
1420051426, 524.9915907498248
1420049536, 1013.1843971631206
1420049620, 679.795918367347
1420049476, 545.128813559322
1420049199, 784.401372212693
1420045618, 257
1420047935, 491.60570304818094
1420045568, 623.279534109817
1420043592, 700.8545454545455
1420044220, 465.9456366237482
1420043452, 546.5180265654649
1420042246, 430.0080160320641
1420042295, 732.9934210526316
1420042929, 572.9591836734694
1420041734, 556.0262008733624
1420041285, 448.9215930304916
1420039544, 778.0149700598803
1416123421, 493.3235294117647
1419257484, 1301.143153526971
1416123635, 591.8614457831326
1416124267, 494.1799065420561
1416125009, 481.6383363471971
1416127755, 360.5625
1416126847, 468.4724919093851
1416128409, 500.86136363636365
1419258501, 530.9207507820646
1416128733, 630.9344827586207
1416128814, 876.1754385964912
1416128953, 842.7454545454545
1416129094, 736.625
1416129239, 567.8068181818181
1416129790, 484.109756097561
1416130583, 518.0188976377952
1416131364, 593.4824120603015
1416131657, 480.50967741935483
1416129396, 713.9428571428572
1416133368, 490.47114375655826
1416131794, 372.24183006535947
1416133666, 712.2938388625593
1416136618, 461.04184615384617
1416137418, 1156.684126984127
1416138156, 1472.7624750499
1416138825, 258
1416138779, 667.4909090909091
1415993387, 452.03125
1415992696, 533.5248780487805
1415993722, 347.40625
1415994679, 668.1312154696133
1415994277, 339.6536964980545
1415994979, 582.6842105263158
1415995982, 665
1415995483, 626.509040333797
1415996499, 537.1794871794872
1416138672, 959.1783625730994
1415996836, 476.96666666666664
1415997769, 484.7348394768133
1415998631, 402.625
1415998451, 609.4598290598291
1415999365, 459.9450980392157
1415999753, 468.8709677419355
1415999843, 504.24050632911394
1416000947, 540.9239130434783
1416001015, 536.313829787234
1416001857, 472.19921875
1416003307, 478.75
1416002059, 677.1597374179431
1416003334, 472.5480378890392
1416004069, 553.2421875
1416005155, 542.4839400428266
1416006051, 602.2553956834532
1416006979, 474.6674418604651
1416006989, 248
1416002636, 601.7414141414141
1416007926, 479.5759668508287
1416008452, 558.1820388349514
1416008807, 507.1213017751479
1416008738, 561.04
1416009628, 654.9788732394367
1416010865, 629.7810707456979
1416011651, 568.1310572687224
1416012381, 546.3022900763359
1416006627, 553.4376278118609
1416012566, 761.260606060606
1416013871, 589.5857988165681
1416014196, 730.0376569037657
1416016742, 320.3660550458716
1416017769, 676.747064137308
1416018612, 1104.910029498525
1416019034, 916.1670378619153
1416019881, 623.3666092943201
1416020770, 593.0171526586621
1416020750, 960.8152173913044
1416020855, 876.1063829787234
1416020791, 649.0172413793103
1416021327, 1234.1245674740485
1416021379, 431.6363636363636
1416022983, 668.1551480959097
1416021830, 665.0883838383838
1416023943, 886.6571428571428
1416023924, 613.046178343949
1416024571, 470.8543897216274
1416024765, 649.3636363636364
1416026480, 503.56638013371537
1416027534, 664.3994374120956
1416028176, 494.21194605009634
1416028685, 684.2763157894736
1416030466, 394.56849315068496
1416030731, 688.6421052631579
1416031679, 617.2016728624535
1415522441, 648.3272727272728
1415579906, 569.9548872180451
1415523216, 652.1561712846348
1415526037, 647.705035971223
1415524765, 562.0177880897138
1415573918, 730.4776119402985
1415525989, 539.358024691358
1415526496, 633.941798941799
1415527385, 601.277108433735
1420595623, 206
1415527616, 527.515923566879
1420596403, 378.75353535353537
1420597031, 478.24220623501196
1420597322, 991.5273775216139
1420598438, 595.5125748502994
1420459543, 545.2508090614887
1420459252, 637.418918918919
1420460020, 552.5321285140562
1420468642, 493.03076923076924
1420460476, 576.0689655172414
1420462457, 489.37738619676946
1420462954, 651.3027027027027
1420463007, 579.7560975609756
1420463556, 747.783114992722
1420463618, 447.72027972027973
1420464288, 400.9911699779249
1420464413, 710.3382899628252
1420464909, 561.7665662650602
1420465926, 517.8910891089109
1420468243, 884.3617021276596
1420467566, 428.1062857142857
1420521961, 599.5208333333334
1420515380, 1455.480349344978
1420523934, 207
1420517247, 347.734375
1420516810, 420.7177322074789
1420517583, 689.7640449438202
1420519780, 479.62996158770807
1420521100, 698.7528373266078
1420521322, 541.6037735849056
1420521544, 650.8068965517241
1420521572, 685.5959595959596
1420469722, 577.932809773124
1420523482, 571.7129032258065
1420522184, 747.6
1420522731, 659.7179487179487
1420523784, 544.3507109004739
1420529146, 519.0723684210526
1420523927, 741.4552845528456
1420525434, 466.13496932515335
1420527148, 645.2394366197183
1420527046, 574.5299777942265
1420527363, 583.1265306122449
1420527768, 616.9782082324455
1420529309, 369.17241379310343
1420529317, 863.2571428571429
1420529404, 851.4296875
1420530272, 1470.15625
1413163134, 583.2534351145039
1413165406, 333.92091152815016
1413165920, 765.3604531410916
1411720199, 588.1020583190394
1411720717, 762.0621118012423
1411723430, 358.3125
1411718334, 454.74117647058824
1411721204, 533.207729468599
1413160750, 573.7204724409448
1413162109, 514.3302961275626
1413163241, 600.8217821782179
1411721626, 877.3121951219512
1413059616, 1212.0142857142857
1413124139, 554.3783783783783
1413146181, 526.5333333333333
1412991833, 496.146017699115
1412997889, 407.5530179445351
1412394012, 726.5590863952334
1412395023, 547.3070987654321
1412397414, 690.9686346863468
1412397322, 1776.2
1412397816, 807.9774774774775
1412398291, 1194.9584905660377
1412398290, 902.6118881118881
1412399113, 1448.2955390334573
1412399599, 595.1722365038561
1412400024, 865.0744336569579
1412400310, 586.70625
1412400688, 627.1612903225806
1412401897, 438.1637323943662
1412401994, 1462.7525773195875
1412402962, 678.0988505747126
1412407254, 413.4133554083885
1412408361, 504.4031791907515
1412408555, 1460.991631799163
1412410033, 1089.9515625
1412409671, 604.8531468531469
1412409922, 948.5205479452055
1412410769, 461.6953125
1411575741, 617.6225247524752
1411577759, 434.20055839925544
1411578986, 631.6492411467117
1411579435, 579.4568106312292
1411582015, 409.7553897180763
1411582401, 1043.583452211127
1411583211, 391.94173228346455
1411583487, 1177.979674796748
1411583580, 667.7325581395348
1411583702, 757.0670391061452
1411584499, 620.8467741935484
1411584523, 627.3777777777777
1413012799, 556.9680150517404
1411587774, 493.9074074074074
1411588309, 689.9090909090909
1412392524, 1209.8753623188406
1412392358, 605.5960784313726
1412392872, 651.65625
1411588689, 783.6917475728155
1411589179, 713.0147420147421
1411593794, 810.2132352941177
1411585654, 562.2709003215434
1411597345, 1211.4193548387098
1411597997, 343.1875
1411591649, 616.4418226200163
1411597257, 723.3647416413373
1411603077, 618.8141592920354
1411600637, 472.43975903614455
1411605327, 517.4026243093923
1412458105, 481.6379928315412
1411600569, 1837.759206798867
1411595559, 567.0636237897648
1411590631, 571.4113597246127
1411595625, 362.5833333333333
1411596090, 593.6198830409356
1411596115, 785.269035532995
1411596779, 506.0112540192926
1411596957, 521.3239436619718
1413005148, 524.0458015267176
1411597435, 540.5
1411600464, 376.65510306686775
1411592238, 832.5855263157895
1411601220, 1436.1866666666667
1411593562, 618.9539007092199
1411601517, 661.3734939759037
1411601730, 657.6701030927835
1411602487, 571.3034055727554
1411590171, 406.2689173457509
1411603254, 767.6474820143885
1411603142, 890.4571428571429
1411603444, 661.2746113989638
1411605886, 747.0634249471459
1411601126, 560.8670212765958
1411605880, 440.89230769230767
1411603098, 250
1411592971, 816.1555869872701
1411594740, 519.6943441636582
1410525072, 646.9239766081871
1410491154, 430.253164556962
1413190054, 2281.741784037559
1413189290, 574.5244755244755
1413189915, 921.8317929759704
1413185722, 450.27027027027026
1413186950, 305.044921875
1413185621, 611.3305785123966
1413185560, 551.641604010025
1413178673, 467.4635294117647
1413184975, 771.3426395939086
1413184611, 594.0190325138778
1413182359, 607.7248520710059
1413181887, 895.8159509202454
1413181457, 522.7692307692307
1413180592, 713.3328822733423
1413179398, 548.4813895781638
1413178814, 438.1078431372549
1413178129, 514.2106481481482
1413177340, 589.2946428571429
1413177360, 633.7
1413176982, 579.0722433460076
1413176260, 863.2396694214876
1413176038, 706.8725490196078
1413176019, 648.6135986733002
1413175160, 437.07766990291265
1413174872, 434.7910447761194
1413174823, 283.0680412371134
1413174862, 582.7637969094923
1413174166, 589.0645161290323
1413173087, 587.5229357798165
1413173380, 629.1075697211155
1413172776, 828.8827586206896
1413172496, 729.3658536585366
1413172522, 961.3418181818182
1413172248, 594.9483568075117
1413171932, 559.258064516129
1413171899, 720.7857142857143
1413171876, 5443.057142857143
1413171827, 672.1304347826087
1413171821, 557.0617283950618
1413171463, 618.1111111111111
1413171616, 463.7586206896552
1411729716, 574.5967741935484
1411731685, 469.7910844976713
1411729742, 373.1219512195122
1411729643, 581.3942394239424
1411727905, 716.0921985815603
1411727122, 267.05555555555554
1411727751, 203
1411727740, 561.5100502512563
1411727194, 738.991304347826
1411727040, 420.7525773195876
1411720553, 665.5238095238095
1411718272, 576.5939968404423
1411726883, 446.9433106575964
1411726279, 668.1222222222223
1411725771, 704.2
1411725533, 521.62660944206
1411722987, 642.5661375661375
1411725278, 503.70535714285717
1411725107, 497.57954545454544
1411724982, 616.1527777777778
1411724950, 668.4299516908212
1411723684, 501.41263940520446
1411722725, 526.4058641975308
1411720922, 871.2808988764045
1411723302, 609.9525691699605
1411721349, 657.5281690140845
1411722630, 1462.9607843137255
1418389792, 504.04989604989606
1418391596, 520.8517073170732
1418307419, 521.2109375
1418305234, 626.1955445544554
1418304342, 1377.9019607843138
1418304613, 1542.1222222222223
1418304289, 545.9205673758865
1418303507, 1288.0743801652893
1418303593, 443.4974554707379
1418302630, 846.4056497175142
1418302493, 331.7858837485172
1418298361, 615.3924731182796
1418299729, 597.027514231499
1418429453, 596.0870967741936
1418428376, 822.6491228070175
1418428348, 353.60185185185185
1418427544, 475.1283783783784
1418427136, 826.8993993993994
1418425904, 832.4655555555555
1418427638, 436.12890625
1418425841, 302.56499133448875
1418423863, 413.4923076923077
1418423015, 597.1371237458194
1418422537, 531.7896009673519
1418421961, 465.0311526479751
1418421262, 547.540594059406
1418404209, 626.2656391659111
1418420929, 812.4832041343669
1418420498, 513.9646869983949
1418420388, 933.1040462427745
1418419849, 1173.1396713615025
1418419511, 945.2600690448792
1418419215, 362.63975694444446
1418417423, 700.0682242990654
1418416279, 512.0025601638505
1418413774, 309.9375258585023
1418414145, 1058.184126984127
1418410179, 527.5109321058688
1418410425, 528.176245210728
1418409359, 922.2765957446809
1418409177, 725.0112359550562
1418407156, 548.1309523809524
1418409079, 413.68470458310327
1418407013, 506.4789644012945
1418406540, 554.0318379160636
1418405794, 681.9899817850637
1418404686, 562.8981324278438
1418403307, 445.96690518783544
1418389809, 1170.26
1418401924, 679.5317073170731
1418402178, 1492.134328358209
1418401935, 413.09504132231405
1418401791, 540.4936170212766
1418401469, 483.55291576673864
1418401282, 640.7826086956521
1418400845, 536.073359073359
1418400423, 774.6377799415774
1418400048, 349.3235572374645
1418398412, 450.80565583634177
1418396489, 597.590243902439
1418396144, 571.1918699186992
1418390376, 593.459706959707
1418394826, 647.2134502923976
1418394838, 534.4632352941177
1418394674, 482.3726235741445
1418394209, 635.2707292707292
1418393142, 649.8007246376811
1418392644, 483.64171974522293
1418392055, 539.4731707317073
