1410357318, 636.0952380952381
1410400930, 463.078125
1410438376, 470.2631578947368
1410468375, 555.9401197604791
1410509265, 467.3364661654135
1410548889, 525.7763157894736
1410587126, 664.2015503875969
1410619201, 507.390243902439
1410654070, 667.8051948051948
1410694398, 610.7837837837837
1410733963, 688.9163346613545
1410776932, 428.6387665198238
1410811632, 553.9685589519651
1410852167, 577.4357682619648
1410890836, 737.3465346534654
1410924438, 621.125
1410953800, 509.63469675599436
1410986892, 586.1925820256776
1411026385, 541.4251269035533
1411054158, 437.6875
1411164834, 480.58469945355193
1411128437, 709.5383411580594
1411094083, 545.9066022544283
1411205677, 576.2608695652174
1411239844, 563.4666666666667
1411272503, 487.5839243498818
1411312811, 479.6605080831409
1411352307, 537.884
1411390852, 636.8476821192053
1411426328, 204
1411548842, 1334.8166666666666
1411507896, 875.7886676875958
1411466082, 1037.3898305084747
1411587774, 493.9074074074074
1411621682, 588.2254516889238
1411660329, 682.4261695906433
1411696388, 666.5515873015873
1411742250, 526.277566539924
1411792069, 599.6921568627452
1411840647, 692.6875
1411879267, 1415.6637931034484
1411932337, 1052.0224719101125
1411972442, 545.7378917378917
1412023380, 655.9575471698113
1412067346, 589.05
1412102474, 485.90720311486047
1412140811, 739.8806818181819
1412186896, 410.31139835487664
1412228353, 608.8043087971274
1412270903, 663.0824742268042
1412316226, 650.25
1412359623, 711.767955801105
1412408361, 504.4031791907515
1412445954, 644.8556701030927
1412481116, 919.1272727272727
1412512193, 699.6666666666666
1412555333, 772.7219917012449
1412592571, 701.7766666666666
1412631269, 525.5346385542168
1412672749, 583.8653846153846
1412720352, 434.7893209518282
1412759993, 816.7136150234742
1412808119, 473.47157190635454
1412858900, 507.49574105621804
1412894452, 449.21875
1412941456, 499.0553633217993
1413014050, 250
1413185722, 450.27027027027026
1413061485, 558.5813953488372
1413225713, 579.9413919413919
1413105445, 603.28125
1413144708, 682.4782608695652
1413356033, 612.0887480190174
1413398953, 584.5135135135135
1413270779, 703.2525773195877
1413317488, 618.3900900900901
1413482219, 443.23498694516974
1413438126, 683.7846153846153
1413527943, 501.89277899343546
1412971082, 1677.7654320987654
1413649480, 530.2089077412513
1413690199, 661.2553191489362
1413608005, 594.0672268907563
1413573704, 646.0255863539446
1413779062, 303.828125
1413827740, 503.89940828402365
1413917078, 529.9423503325943
1413737364, 871.7883495145632
1413989279, 526.1352885525071
1413876598, 554.1497418244406
1413948857, 544.8131868131868
1414031187, 442.70703125
1414149729, 759.255033557047
1414112286, 919.7314285714285
1414233955, 484.3121693121693
1414271481, 912.7941176470588
1414074649, 515.8712121212121
1414190402, 543.0287769784172
1414314238, 568.7381546134663
1414367046, 661.4698795180723
1414445531, 514.0272727272727
1414408009, 1059.6557059961315
1414533002, 621.1401869158879
1414493648, 478.7734375
1414618531, 558.5655813953489
1414576870, 735.6923076923077
1414691256, 940.8794326241135
1414657174, 529.5817490494296
1414791193, 442.6647564469914
1414832679, 501.5238095238095
1414757851, 563.2754342431762
1414868387, 537.4109589041096
1414908998, 525.1806167400881
1414982652, 568.8809523809524
1414942659, 1352.2851985559566
1414728212, 582.1466244725739
1415028484, 454.1050096339114
1415060722, 760.762114537445
1415100799, 380.64814814814815
1415138233, 374.87432867883996
1415304454, 511.0230769230769
1415221302, 733.7684210526315
1415261640, 710.6633663366337
1415342667, 727.9463276836158
1415169144, 653.7905405405405
1415391174, 478.7184210526316
1415469363, 544.6543209876543
1415430573, 1065.0196078431372
1415519593, 734.079295154185
1415593850, 642.984693877551
1415682766, 361.87109375
1415558075, 574.64
1415637714, 668.3705692803437
1415725472, 707.4164705882353
1415772873, 519.3543624161074
1420441438, 525.8052631578947
1420405532, 779.3819188191882
1420479604, 739.6875
1420366822, 477.8933333333333
1420328517, 495.73715029277815
1420289239, 4106.046666666667
1420254331, 571.5955414012739
1420215234, 1150.3428571428572
1420176127, 514.0379746835443
1420137311, 624.7066666666667
1420100382, 397.5728038507822
1420066632, 473.4381939304219
1420018694, 717.7790697674419
1419981840, 485.88978494623655
1419943447, 476.9378960709759
1419902165, 487.0420168067227
1419861446, 473.8293838862559
1419822964, 401.6210191082803
1419786610, 731.0410199556541
1419751871, 635.6
1419713739, 537.4688581314879
1419549685, 434.53731343283584
1419510014, 505.08194444444445
1419633167, 470.8798646362098
1419597852, 815.0518518518519
1419668613, 2171.7175925925926
1419469177, 594.8398791540785
1419437251, 529.0134228187919
1419392453, 799.3117505995203
1419353833, 515.1870701513068
1419308592, 538.2276422764228
1419184203, 608.1152597402597
1419276180, 596.5860655737705
1419232590, 557.6958637469586
1419138224, 594.0749185667753
1419094087, 2058.6181229773465
1419049716, 492.5743000717875
1419008679, 413.8251599147122
1418860970, 705.226976744186
1418815833, 884.4776119402985
1418906852, 551.0545454545454
1418957802, 824.2489694971146
1423861626, 742.1485714285715
1423897288, 639.8891537544696
1423820267, 682.5856655290103
1423724573, 582.5
1423679450, 570.1719939117199
1423596177, 208
1423771716, 604.9730061349693
1423554322, 577.7210884353741
1423639101, 521.7783281733746
1423515091, 446.02465753424656
1423387887, 546.1158059467919
1423302399, 576.5875
1423341606, 535.5731119442956
1423266223, 639.75
1423433708, 543.3913043478261
1423231896, 471.86538461538464
1423471763, 411.19675925925924
1423191621, 773.4810924369748
1423158021, 472.96275252525254
1429261779, 641.1328273244782
1429210675, 443.0132158590308
1429162345, 1085.5
1423035351, 604.0331491712707
1429119655, 848.0346534653465
1423119776, 553.7357083678542
1422998534, 308.9455670103093
1423072705, 436.6594827586207
1422906397, 995.063492063492
1429072621, 871.1290697674418
1428983304, 504.7682988389702
1422865122, 350.4467213114754
1422821405, 631.2993326978075
1422947505, 606.9448223733938
1428907232, 567.4270270270271
1429024587, 347.9526242452392
1428945406, 701.373595505618
1422782018, 521.4636363636364
1422709926, 446.4416294088425
1422744582, 428.83223684210526
1428762268, 463.36491228070173
1422670098, 492.07504363001743
1428850504, 548.1340206185567
1428719134, 653.4384707287933
1428804065, 449.46086956521737
1430872497, 516.4164456233422
1420860283, 544.7324786324787
1424807915, 442.95564754583086
1420905438, 479.6033573141487
1424852046, 493.8585086042065
1420946347, 361.2155255544841
1424928483, 550.7142857142857
1420988239, 487.34437086092714
1424886847, 1921.5384615384614
1421025294, 554.0229591836735
1424973185, 627.3086574654956
1421066448, 511.8696369636964
1425011475, 626.1099033816425
1421170089, 364.7224926971762
1421117034, 1783.4404761904761
1425050925, 535.3289786223278
1421209503, 656.8245614035088
1425094916, 670.5912698412699
1425140433, 637.9903846153846
1421250720, 676.6415094339623
1425180007, 1142.3809523809523
1425222729, 839.5252525252525
1425270546, 628.483024691358
1421342061, 615.115763546798
1421294131, 587.8382978723404
1421423544, 530.0794701986755
1421469065, 670.015625
1425350297, 508.0975609756098
1421376556, 519.6814814814815
1425310383, 565.4821944177094
1425387572, 383.1989769820972
1425425579, 584.1068181818182
1421515368, 523.1662303664922
1421560651, 1248.6521739130435
1425470711, 459.3562231759657
1421600695, 660.8280329799765
1421637731, 397.18652037617557
1421677428, 685.9304029304029
1425605515, 537.9659090909091
1421731164, 848.7918367346939
1425570828, 596.7785757031718
1425514913, 781.14609375
1425646691, 498.703125
1425738933, 579.8157181571815
1425690641, 547.9693251533743
1421832369, 727.2209631728045
1421782968, 609.1056910569106
1421868116, 998.33
1425778959, 555.6434977578475
1421956223, 337.8570139828597
1425819253, 675.2083333333334
1421908594, 522.0738362760835
1425861562, 466.4968152866242
1426066746, 576.8634920634921
1425945937, 876.2925170068028
1425900721, 574.296875
1426029691, 525.2964352720451
1425992637, 697.172131147541
1426107350, 573.8065843621399
1426248088, 304.693359375
1426333677, 512.2004530011325
1426202521, 591.9402985074627
1426287580, 1638.72131147541
1426467813, 623.05
1426426788, 208
1426381915, 458.35732009925556
1426604004, 1265.2278481012659
1426650357, 700.1864406779661
1426559205, 516.4165413533834
1426158018, 595.7065669160432
1426512826, 935.9642857142857
1426694538, 467.89256714553403
1426735444, 661.6970802919708
1426826068, 640.6184210526316
1427981845, 360.369140625
1427942820, 766.4567307692307
1427901189, 479.832799487508
1427810340, 256
1427850435, 408.16802610114195
1427766742, 459.66728280961183
1427726963, 518.305857957491
1427683907, 334.1155218554862
1427597438, 1646.6962962962964
1426778465, 852.6709219858157
1427555655, 2647.1166077738517
1427474256, 622.2611570247934
1427638991, 577.0326409495549
1427358736, 454.8105646630237
1427513753, 575.9527472527473
1427281445, 3999.32
1427318540, 472.6941238195173
1428017993, 530.8092643051771
1427435285, 346.22222222222223
1427242433, 532.5600835945663
1427203908, 1057.2467532467533
1427401080, 537.3462783171522
1427167364, 529.3062146892655
1424761248, 576.8081081081081
1430654684, 1122.85
1430694855, 452.96446700507613
1417640057, 929.3447955390335
1416282900, 538.1008403361344
1416325379, 909.958944281525
1416413965, 978.6
1418672240, 448.9201680672269
1418723480, 592.4142011834319
1418633607, 756.18
1418766066, 730.5013623978201
1418591082, 488.2692307692308
1418548461, 547.7397820163487
1418500276, 627.7873563218391
1418414145, 1058.184126984127
1418456998, 438.36082474226805
1418369418, 337.09375
1418287484, 538.5867768595041
1418325635, 422.8013544018059
1418238855, 962.7837078651686
1418194646, 651.3565683646112
1418158988, 585.9035812672176
1418122514, 275.9609375
1418070371, 813.4649122807018
1418034937, 469.953125
1417992700, 6407.5
1417942715, 366.3914081145585
1417890405, 905.8651685393259
1417767945, 482.870781099325
1422153064, 674.675
1430830870, 801.1390374331551
1430739871, 1997.9
1417589230, 558.0861961274204
1417682991, 675.4988290398127
1417728011, 426.8041958041958
1417847777, 584.3510638297872
1417807492, 482.96268656716416
1428677335, 435.4423897581792
1422581358, 363.69444444444446
1422542995, 346.37704918032784
1428639661, 482.8020022246941
1428588498, 405.24666666666667
1422628170, 907.6513994910941
1422504606, 505.67857142857144
1422467893, 895.46875
1428544755, 500.4214285714286
1422389634, 1024.9368421052632
1428503511, 288.5855161787365
1428402309, 513.8987804878049
1422348449, 877.2889447236181
1428446468, 666.8920863309353
1428364643, 728.9111111111112
1422431793, 619.2070588235295
1422253709, 916.3232323232323
1428312191, 525.265306122449
1422201830, 1056.079295154185
1428226765, 472.62735849056605
1422302735, 719.5513928914505
1428183379, 840.8241042345277
1428268992, 563.6975169300226
1416457585, 254
1422110753, 481.921568627451
1426870312, 484.18504811250926
1426917409, 511.98228346456693
1427007590, 686.6787878787878
1426956531, 517.5108225108225
1423986159, 544.4821705426357
1427131498, 595.527027027027
1427048553, 825.9408284023668
1423936539, 441.88378258948296
1427088189, 608.8447580645161
1424026499, 2220.323529411765
1424069100, 836.3905930470347
1424106300, 791.7385057471264
1424189443, 459.8888888888889
1424145661, 767.5390199637023
1424268923, 629.1868263473054
1424304565, 276.01953125
1424340200, 648.605504587156
1424415467, 625.50622406639
1424228046, 447.65234375
1424377084, 504.5274725274725
1420522184, 747.6
1424453698, 365.59765625
1420558767, 594.7740112994351
1424500117, 418.07533482142856
1420601086, 559.9643916913947
1424543810, 1624.8047722342733
1420692373, 256
1420643378, 418.0703125
1424626379, 723.1274131274131
1420735258, 490.327721661055
1424584832, 720.0131578947369
1424667774, 629.9018932874354
1420770701, 534.4893617021277
1429353999, 252
1420815061, 599.8459530026109
1424716159, 578.633608815427
1429395250, 715.3217922606925
1429436517, 325.85010706638116
1429308103, 988.3218997361478
1429600278, 522.75
1429564200, 448.2884500299222
1429638219, 484.8906148867314
1429527245, 563.5744016649323
1429482154, 704.6613358419568
1430788184, 622.4711538461538
1422057323, 460.5550437586366
1430915832, 548.5292712066905
1430950284, 481.0077519379845
1430993570, 541.4160583941606
1431034990, 470.2136289886425
1431078287, 527.9399375975039
1431121227, 475.181598062954
1431174449, 430.834984920293
1431214362, 604.9183303085299
1431265756, 474.64322469982847
1429726071, 511.4266666666667
1429814239, 718.7824561403509
1429768454, 450.29441624365484
1429686538, 443.0920945395273
1429868234, 540.8245192307693
1429918248, 469.23819444444445
1429950928, 474.3954802259887
1429994304, 443.3987587276959
1430037780, 819.5811475409836
1430128138, 415.07887090078873
1430076363, 2775.9324324324325
1430211861, 599.7520891364902
1430344996, 452.13252197430694
1430395230, 529.4332155477032
1430438636, 466.89354066985646
1430478767, 608.0378378378379
1430250661, 965.4819587628866
1430296616, 577.0413650465357
1430170307, 498.3888888888889
1417539437, 368.98522167487687
1417451939, 416.4508060033352
1417404037, 606.0605759682225
1417496493, 412.6756087494841
1417365789, 686.7987637362637
1417161005, 715.0878136200716
1417123863, 521.7554479418886
1417205009, 582.7099358974359
1417286522, 397.6774603174603
1417249217, 414.13698630136986
1417076828, 642.7764127764128
1417034065, 529.7475247524752
1417324106, 294.3125
1416985883, 634.263877028181
1416942428, 440.4587912087912
1416894904, 783.1247771836007
1416848183, 518.2849083215797
1416813133, 1037.713296398892
1416767022, 692.7758620689655
1416637737, 411.99340749896993
1416679295, 362.6147455867082
1416720329, 487.1062416998672
1416599517, 582.927536231884
1416546521, 553.2412831241284
1416503300, 364.0105448154657
1428102688, 528.7539267015707
1422006453, 446.65833896016204
1428059244, 547.6627906976744
1431427035, 1999
1428146671, 426.3204325554923
1431388637, 464.43783783783783
1431349720, 946.8959537572255
1431309684, 531.4824824824825
1443716737, 401.4274447949527
1443774741, 466.85502283105023
1443815679, 553.0606680299932
1443683242, 515.4485981308411
1443639155, 571.1768631813126
1443595117, 484.766
1443559341, 610.4041514041514
1443900293, 479.76170798898073
1443858720, 478.4371681415929
1443486001, 483.1111111111111
1443521290, 426.0455996352029
1443449199, 571.402460456942
1443400955, 529.4462365591398
1443357796, 512.7771739130435
1443318238, 971.3827160493827
1443230298, 606.7459677419355
1443192911, 504.69950738916253
1443269693, 742.3620457604306
1443069195, 578.7030303030303
1443155336, 236
1443115441, 530.3873538788523
1443028558, 580.0448979591837
1442906005, 305.5833333333333
1442944997, 428.01669520547944
1442870428, 425.79626253418417
1442819446, 622.0815939278938
1442775612, 1381.7505617977529
1442724538, 429.76789587852494
1442986459, 484.19032258064516
1436581588, 499944
1442624495, 514.3122807017544
1436621591, 1382.09963099631
1436707207, 531.4059350503919
1436666877, 515.2803652968037
1436758553, 529.3337579617835
1436932574, 212.5
1436840769, 583.8399071925754
1442671553, 530.636926889715
1436799552, 662.3445149592022
1436968141, 519.5946428571428
1436883557, 394.47731755424064
1437058940, 853.6985507246377
1437104554, 627.3641304347826
1437008473, 1505.458804523425
1437146874, 573.3603020496224
1437266347, 1306.006993006993
1437304146, 1951.436974789916
1437225331, 1254.5652173913043
1437431845, 513.6377649325626
1437185828, 1451.9437984496124
1437392314, 738.8678500986193
1437351408, 678.5281173594132
1437479783, 596.7801822323462
1437568779, 473.61047120418846
1437527464, 957.5858974358974
1415816209, 1668.3741648106904
1415866693, 1154.0610412926392
1416364188, 465.1968438538206
1416199530, 524.9679054054054
1416158214, 463.5593220338983
1416073046, 554.9540740740741
1416030731, 688.6421052631579
1415947066, 496.9937984496124
1415987575, 751.421052631579
1416240351, 678.9327902240326
1416115568, 318.9453125
1415902906, 620.9729411764706
1430521966, 457.7769516728625
1430562626, 2403.5913705583757
1430606922, 495.39212007504693
1433332581, 484.46666666666664
1433385177, 353.79125
1433421833, 549.462389380531
1433293371, 506.51183231913456
1433508863, 774.1102941176471
1433554409, 1090.2527472527472
1433469589, 491.44712430426716
1433664205, 546.5941908713693
1433626448, 434.866452991453
1433789960, 454.8181818181818
1433595599, 2159.5164179104477
1433830895, 499.57197696737046
1433868242, 463.09842519685037
1433910126, 183
1433707769, 514.3432320441989
1433753144, 825.7745664739884
1433949392, 518.31328125
1434023961, 595.8775510204082
1434073954, 384.0056381342901
1434202684, 975.9112781954888
1434240167, 554.2714776632303
1434162875, 578.9513888888889
1434119503, 638.6944444444445
1433984003, 482.6381842456609
1434362268, 536.9032815198618
1434411195, 398.0797024442083
1434457959, 529.4609120521172
1434322914, 437.4868651488616
1434510706, 785.2884615384615
1434554207, 452.8318098720292
1434280693, 627.3124387855044
1434668096, 453.0887445887446
1434713047, 463.2562442183164
1434754591, 1202.8669201520913
1434635228, 820.7502726281352
1434801860, 491.56275303643724
1434897808, 492.215505913272
1434846860, 434.1240875912409
1434984733, 720.3913461538461
1435025177, 736.6558505408063
1435076136, 535.1482071713148
1434591384, 599.8533007334963
1434943466, 459.67673716012087
1435113815, 507.9054373522459
1435148304, 468.27035830618894
1435195954, 470.5731707317073
1435233230, 1123.7513089005236
1435357422, 601.0064102564103
1435276762, 413.2352941176471
1435314698, 1772.245
1435406726, 513.1966966966967
1435538980, 508.24713584288054
1435586598, 712.7916349809886
1435492678, 888.8761904761905
1435450744, 642.8263665594856
1435627485, 238
1435846299, 286.8727272727273
1435712107, 932.8283582089553
1435670197, 570.5846059865607
1435804573, 644.606936416185
1435753017, 305.4417910447761
1435964324, 555.2074592074592
1435920584, 793.7291666666666
1436083545, 495.1744877726371
1436129174, 541.9154013015184
1436161765, 214.5
1436005656, 906.9208860759494
1435884646, 387.0181818181818
1436200747, 2024.4918918918918
1436284696, 938.8734335839599
1436046701, 959.898272552783
1436243681, 506.87347767253044
1436326964, 437.7895970009372
1436370720, 331.8095659875996
1436407096, 615.518158236057
1436540571, 266
1437607346, 743.9694323144105
1436455971, 211.81190425757254
1436501348, 526.0400280898876
1437651381, 495.6114954763172
1437695913, 598.0941176470589
1437766901, 480.8419452887538
1437848077, 553.6868131868132
1437812456, 665.1319648093842
1437892889, 403.30079155672826
1437733274, 203
1437937269, 236
1437971916, 620.6094674556213
1438055866, 556.360401459854
1438018414, 832.3475609756098
1438105553, 5398.081395348837
1438151940, 212.5
1438278383, 581.6084558823529
1438189498, 3237.964912280702
1438238713, 1099.4870588235294
1438404688, 1333.050736497545
1438368008, 1405.6135084427767
1438486339, 677.4416243654822
1438444417, 1387.448780487805
1438569547, 783.7440132122213
1438327631, 1185.25
1438522718, 807.2963362068965
1438647984, 1673.4796296296297
1438611382, 621.8781094527363
1438792803, 898.2463907603465
1438686647, 504.9070247933884
1438835391, 1706.2883959044368
1438746173, 843.0481418918919
1438880314, 1086.928893905192
1438916977, 1008.7319587628866
1438963805, 812.7476099426386
1439007868, 538.1186440677966
1439088439, 441.1818181818182
1439134766, 266
1439046706, 727.2054933875891
1439174140, 521.1810344827586
1439211621, 561.2716457369464
1439249198, 506.9498956158664
1439370762, 789.3834196891191
1439321112, 402.64905203711174
1439420456, 482.4247619047619
1439282610, 562.2035398230089
1439463603, 1987.7912524850894
1439591938, 998.8051948051948
1439545867, 498.4202666666667
1439682384, 656.405
1439772595, 518.5625
1439640837, 815.9494505494506
1439858806, 845.9420677361854
1439502799, 578.7896009673519
1439901946, 534.6869565217391
1439726931, 578.8688524590164
1439818850, 488.56410256410254
1439946829, 462.53155339805824
1439984070, 541.3892944038929
1440107925, 974.6767676767677
1440058767, 504.8050314465409
1440185308, 628.1476997578693
1440264879, 626.1294964028777
1440307592, 528.2588483888009
1440152411, 463.5325443786982
1440355263, 469.59842519685037
1440021396, 531.275
1440227217, 712.1450381679389
1440394491, 600.874358974359
1440523947, 526.3953619909503
1440568513, 684.2647058823529
1440474442, 680.1769911504425
1440642920, 724.9927360774818
1440434692, 632.1983870967742
1440735434, 1174.9180327868853
1440687187, 342.1770833333333
1440605552, 531.5483076923077
1440774967, 520.2973251028807
1440815614, 512.2300357568535
1440848994, 469.9934640522876
1441009437, 502.78864824495895
1441049864, 665.7491856677525
1441134681, 460.64365971107543
1440932011, 536.2366522366523
1441098999, 541.590742101396
1441171863, 485.26482617586913
1440971014, 515.9229166666667
1440887238, 402.16830065359477
1441253561, 740.716894977169
1441213848, 1748.219298245614
1441298389, 719.7511520737327
1441336408, 536.8936507936507
1441376848, 461.8712871287129
1441460496, 208
1441415178, 506.3174300254453
1441501682, 584.8886462882097
1441539380, 554.673721340388
1441586973, 448.0738413197172
1441631643, 521.1697971450037
1441718011, 577.506726457399
1441668463, 876.671875
1441761932, 870.8865461847389
1441878138, 692.5634975711312
1441915788, 454.99142857142857
1441804073, 224
1441987292, 1374.2794117647059
1442036372, 958.7080808080808
1442129860, 653.4660633484162
1442080369, 430.31868131868134
1442169000, 209
1441954509, 1164.5929203539822
1441842033, 1730.6513026052105
1442203496, 1101.6002358490566
1442244730, 453.7633477633478
1442287651, 1121.5314371257484
1442402122, 1877.6641604010026
1442366022, 461.5550351288056
1442453371, 490.2342931937173
1445481399, 347.8363636363636
1442539577, 370.2606973058637
1442496289, 408.829517579722
1442326326, 610.8929008567932
1445443329, 774.2411764705882
1445402617, 625.2057416267943
1445357256, 732.0905743740796
1442582557, 573.7711328349626
1445303760, 755.0151630022744
1445264331, 667.4254571026723
1445230174, 475.01142421934503
1445187494, 444.7497267759563
1445101680, 213
1445144855, 491.53740458015267
1444964803, 4193.542857142857
1444930647, 344.3515840220386
1431545720, 506.4937655860349
1431472090, 480.4527687296417
1431513584, 587.5852842809364
1431633686, 675.0540540540541
1431590929, 581.4142857142857
1431671504, 776.2777202072539
1431753185, 447.7163636363636
1431709996, 522.8167539267016
1431807279, 556.7393767705382
1431874671, 1035.4415584415585
1431967875, 876.9293361884369
1431841928, 597.0526315789474
1431923107, 509.81727158948684
1432001569, 444.7744107744108
1432101608, 1044.3055555555557
1432186141, 473.71867007672637
1432143793, 410.7083333333333
1432223514, 602.8066298342542
1432266361, 462.6039051603905
1432058783, 561.1805243445693
1432417577, 394.22263157894736
1432501633, 534.255033557047
1432354566, 354.7343173431734
1432543126, 927.0647985989492
1432591143, 684.2022667829119
1432680380, 563.7769784172662
1432316063, 514.0848329048844
1432724894, 929.3734491315137
1432462927, 908.1515151515151
1432631585, 534.2396006655574
1432859530, 636.2611464968153
1432895757, 414.69348817917876
1432816712, 566.871724137931
1432992394, 725.9835271317829
1432938874, 553.2685314685315
1433033117, 443.42488262910797
1432767667, 510.31336405529953
1433079120, 626.6296296296297
1433116725, 502.15334773218143
1433161185, 676.5230769230769
1433214825, 1210.09
1433252926, 347.56728971962616
1445051746, 512.4729315628192
1445006702, 728.9354838709677
1444806893, 422.32067932067935
1444887671, 2074.9667590027702
1444849956, 1115.6964285714287
1443939446, 378.9
1444066276, 375.8793242156074
1444021051, 409.30882352941177
1443982253, 416.44117647058823
1444103476, 394.86918604651163
1444196573, 447.93312352478364
1444150425, 745.4578043315908
1444241057, 1218.7948717948718
1444292015, 480.5392405063291
1444548951, 869.689393939394
1444330760, 394.8969194312796
1444373126, 695.055737704918
1444425127, 471.45885916203935
1444470756, 461.9977973568282
1444507343, 1510.336434108527
1444589887, 488.5204402515723
1444770084, 422.49532710280374
1444679021, 623.182784272051
1444631519, 1539.3392857142858
1444722405, 4159.251046025104
